ID	StromalScore	ImmuneScore	ESTIMATEScore	TumorPurity
TCGA_TCGA-BR-8588	1012.95423830045	1904.56376419294	2917.51800249339	0.51203420294128
TCGA_TCGA-VQ-A8DU	-58.5155948101703	683.650715865015	625.135121054844	0.76693198909065
TCGA_TCGA-HU-A4G9	-1499.00045690393	-148.997145936407	-1647.99760284033	0.934807285551909
TCGA_TCGA-CD-A4MG	632.964331132801	1321.39693706636	1954.36126819916	0.627961876577611
TCGA_TCGA-HU-8602	127.287886212588	1772.98069075857	1900.26857697116	0.634121414302623
TCGA_TCGA-VQ-A91S	-293.447054450523	1227.94134703802	934.494292587495	0.737010291587905
TCGA_TCGA-HU-A4GY	1595.11440120566	2944.43422854745	4539.54862975312	0.295000502821919
TCGA_TCGA-BR-8365	1386.45075090844	1479.24090199133	2865.69165289976	0.518553905860978
TCGA_TCGA-D7-5578	599.119216226905	1615.29963010775	2214.41884633465	0.597803359020781
TCGA_TCGA-BR-8682	990.744563336348	1291.03445781061	2281.77902114695	0.589847868741981
TCGA_TCGA-CG-4465	749.282334897619	1576.89245311105	2326.17478800867	0.584572984538412
TCGA_TCGA-CG-5720	595.062014015248	1788.4742434649	2383.53625748015	0.57772085239221
TCGA_TCGA-D7-6524	1271.83468557584	1689.4453789274	2961.28006450324	0.506505888421192
TCGA_TCGA-CD-A486	292.253658758161	977.841145921996	1270.09480468016	0.702834207420326
TCGA_TCGA-CG-5716	-215.306045638789	1727.03041269116	1511.72436705238	0.677166868422584
TCGA_TCGA-RD-A7BT	-919.370961796571	699.869403802278	-219.501557994293	0.840404636005922
TCGA_TCGA-IN-A7NT	-125.976558527216	447.743955406472	321.767396879257	0.794738977712917
TCGA_TCGA-BR-8296	332.943319386757	1992.55989305745	2325.50321244421	0.584652963302679
TCGA_TCGA-BR-4187	2050.88252762106	2167.71527873057	4218.59780635163	0.339671775742377
TCGA_TCGA-VQ-A91K	116.714900415603	1312.05247193826	1428.76737235386	0.686076728926958
TCGA_TCGA-IN-A6RL	-326.031795828686	768.295169692344	442.263373863658	0.783879827201722
TCGA_TCGA-MX-A5UJ	499.484621373982	936.282649771579	1435.76727114556	0.685328827779095
TCGA_TCGA-BR-8286	500.653773800673	1152.18825754769	1652.84203134837	0.661780388692617
TCGA_TCGA-R5-A7ZF	-1013.05789621215	53.9365037864732	-959.121392425675	0.894180327958309
TCGA_TCGA-VQ-A8E7	-244.809400214425	218.570142213696	-26.2392580007293	0.824693884441365
TCGA_TCGA-CG-4436	-412.805383696959	1348.71066111612	935.905277419163	0.736870289764903
TCGA_TCGA-D7-6520	531.922702859148	805.240845106224	1337.16354796537	0.695797045071332
TCGA_TCGA-BR-4368	792.874622537483	1783.82152265793	2576.69614519541	0.55434853640458
TCGA_TCGA-BR-8676	-325.64145297474	1663.644197434	1338.00274445926	0.695708564084
TCGA_TCGA-BR-6457	1513.01793167191	1725.33717560669	3238.3551072786	0.471028324295725
TCGA_TCGA-D7-A747	1047.29197025077	1760.49211156219	2807.78408181296	0.525803103521782
TCGA_TCGA-CG-4304	934.5307841782	1798.58971507666	2733.12049925486	0.535093769172656
TCGA_TCGA-BR-A44U	262.204041593775	370.712824132653	632.916865726429	0.766198461921852
TCGA_TCGA-KB-A93G	1580.83653377936	1571.47796605029	3152.31449982965	0.482131403989076
TCGA_TCGA-BR-8367	901.859998136848	826.362892968043	1728.22289110489	0.653444613389097
TCGA_TCGA-D7-A6F2	238.604886761023	1529.72585655031	1768.33074331133	0.648976728576935
TCGA_TCGA-D7-6521	1202.32547722936	1922.50598983098	3124.83146706034	0.485661820977313
TCGA_TCGA-BR-6454	205.226913968243	2103.76490125808	2308.99181522632	0.586617537052081
TCGA_TCGA-CG-4466	-731.582665640054	321.992604316765	-409.590061323289	0.855197719294558
TCGA_TCGA-CD-8524	700.608316281281	1117.48425222035	1818.09256850163	0.643402172456181
TCGA_TCGA-BR-7723	228.673838637413	1073.04893735031	1301.72277598773	0.69952410049586
TCGA_TCGA-VQ-A91X	-1643.65202643567	-339.206589371193	-1982.85861580687	0.951128401022748
TCGA_TCGA-BR-6801	331.940171675837	524.2375159137	856.177687589537	0.744731333441673
TCGA_TCGA-IN-A6RN	-704.599211457342	458.257012916567	-246.342198540775	0.842533370948938
TCGA_TCGA-VQ-A928	357.628095402918	521.84910207004	879.477197472957	0.742444530811735
TCGA_TCGA-BR-7958	889.728715444379	2502.97828729754	3392.70700274192	0.450922930647314
TCGA_TCGA-CG-4305	934.911261556273	2008.77647517777	2943.68773673404	0.508730793247378
TCGA_TCGA-CD-A48C	371.281388658003	958.481624510216	1329.76301316822	0.696576865894847
TCGA_TCGA-HU-A4GX	-259.336532350775	1727.51521135486	1468.17867900409	0.681856426158827
TCGA_TCGA-BR-8382	647.329203304723	1562.27976981053	2209.60897311526	0.598369196708133
TCGA_TCGA-IN-AB1V	-1088.5386960644	408.958175095428	-679.580520968974	0.875061885944603
TCGA_TCGA-CD-8532	575.268613191073	2059.11609415532	2634.38470734639	0.547280949366985
TCGA_TCGA-IN-8663	-646.635328137381	85.4019446577944	-561.233383479587	0.86652203785648
TCGA_TCGA-VQ-A91D	64.1336360369392	1122.05513917886	1186.1887752158	0.711542017808187
TCGA_TCGA-KB-A6F7	-423.563067841429	1590.57108025346	1167.00801241203	0.713517497343886
TCGA_TCGA-VQ-A91V	-1071.36850901846	203.233724435784	-868.134784582673	0.888121281072597
TCGA_TCGA-VQ-A8PM	472.967932431794	1787.73613416289	2260.70406659469	0.592343135604312
TCGA_TCGA-CD-8529	1158.20480496059	2218.89661277298	3377.10141773357	0.452966356413145
TCGA_TCGA-CG-4460	-103.06199600225	761.91102874421	658.849032741961	0.763746818104755
TCGA_TCGA-BR-A4J9	920.206222018686	1160.0563572359	2080.26257925459	0.613472846617012
TCGA_TCGA-B7-A5TJ	-284.77348440418	374.169486425417	89.3960020212377	0.81497544979797
TCGA_TCGA-IN-A6RS	-313.591064514208	1432.59152805794	1119.00046354374	0.718437097784861
TCGA_TCGA-D7-A6EZ	418.491368911717	1891.90495004265	2310.39631895436	0.586450559071105
TCGA_TCGA-BR-7717	340.116536285591	844.832795352625	1184.94933163822	0.711669842145532
TCGA_TCGA-CD-8527	-228.524258710369	818.158897245352	589.634638534983	0.770265645418683
TCGA_TCGA-IN-A6RR	-529.649216191684	674.116413603534	144.46719741185	0.810264339514507
TCGA_TCGA-BR-6452	298.362181520257	1421.64213156222	1720.00431308248	0.654357345376802
TCGA_TCGA-BR-8592	1350.62969662157	1576.78952295033	2927.4192195719	0.510785256674934
TCGA_TCGA-D7-8573	-711.21854791375	546.255178048056	-164.963369865694	0.836039055900895
TCGA_TCGA-D7-A6F0	-311.960155097042	1052.53311248625	740.572957389208	0.755948361173041
TCGA_TCGA-FP-A8CX	-488.992605347608	1111.60086122499	622.608255877383	0.767169962690787
TCGA_TCGA-D7-8570	919.938243309406	2649.85138239995	3569.78962570936	0.427572224483385
TCGA_TCGA-BR-6453	1067.73301066696	2683.54758719624	3751.2805978632	0.403340597068272
TCGA_TCGA-HU-A4GP	-334.049598601842	590.50744768314	256.457849081298	0.800521019756151
TCGA_TCGA-HU-A4H8	-1051.9237574156	474.020110194223	-577.90364722138	0.867740835705166
TCGA_TCGA-VQ-A8E3	-399.787561603914	1504.29157312643	1104.50401152252	0.719915627848133
TCGA_TCGA-KB-A93H	-1150.4534682397	425.198801326019	-725.254666913684	0.878287215458694
TCGA_TCGA-CG-4476	1316.98143782996	1861.95665678378	3178.93809461374	0.47870390585635
TCGA_TCGA-BR-8297	740.793810676266	864.86633758271	1605.66014825898	0.66695669729055
TCGA_TCGA-HU-A4GF	-476.812209817571	918.135706155355	441.323496337784	0.783965482775292
TCGA_TCGA-HU-A4GT	-475.943316551309	712.044291529498	236.100974978189	0.80230825720266
TCGA_TCGA-VQ-A91A	1186.04737270017	1215.00726040061	2401.05463310079	0.575620002430025
TCGA_TCGA-VQ-A8PX	-1101.09245358807	894.597163439017	-206.495290149055	0.839368412708926
TCGA_TCGA-IN-A7NR	-129.993538681602	1277.71193899963	1147.71840031803	0.715498483167085
TCGA_TCGA-HU-A4G8	-171.276987002172	1292.55034528497	1121.27335828279	0.718204984280105
TCGA_TCGA-CG-5724	203.955672568	1210.08997861418	1414.04565118218	0.687647300272562
TCGA_TCGA-BR-4201	1441.55621473423	1815.33561197308	3256.89182670731	0.468626361980877
TCGA_TCGA-CD-5799	-0.372629741485597	490.677356143449	490.304726401963	0.779481751028852
TCGA_TCGA-HU-A4H0	-376.592856938377	1744.59156290496	1367.99870596658	0.692539006704522
TCGA_TCGA-FP-A4BF	1328.02441094971	2509.98107490466	3838.00548585437	0.391659454369488
TCGA_TCGA-BR-8380	983.918508324277	843.58309176323	1827.50160008751	0.642344259851388
TCGA_TCGA-VQ-A91Q	234.280517307777	246.446049823405	480.726567131183	0.780361710403493
TCGA_TCGA-FP-7829	237.309138126732	546.947638005086	784.256776131818	0.751735171232985
TCGA_TCGA-HF-7134	-206.998171101638	894.757422172544	687.759251070906	0.761000583221182
TCGA_TCGA-CG-4441	610.658773820799	1239.82243897622	1850.48121279702	0.639755380716373
TCGA_TCGA-FP-8631	24.4585407668742	312.742573614759	337.201114381633	0.793361896744101
TCGA_TCGA-BR-4279	2014.24940038249	2130.27463995496	4144.52404033745	0.349878190266477
TCGA_TCGA-IN-A6RJ	-866.719533523281	553.412029727975	-313.307503795306	0.847787308265194
TCGA_TCGA-VQ-AA6J	215.903628278664	1827.26600977648	2043.16963805514	0.617763587203642
TCGA_TCGA-CD-5800	-468.763511806939	542.346855796457	73.5833439895187	0.816318328749839
TCGA_TCGA-CG-4442	-98.2932278222797	664.770170257182	566.476942434903	0.772428991334824
TCGA_TCGA-VQ-A8PQ	899.644285338526	2800.9835644518	3700.62784979033	0.410132997540109
TCGA_TCGA-B7-A5TN	674.48496196895	809.618852236353	1484.1038142053	0.680144624598848
TCGA_TCGA-VQ-A8E0	-600.785865558988	1007.36139245012	406.575526891132	0.787121745480518
TCGA_TCGA-CD-5803	1596.29692816972	2587.19086431397	4183.48779248369	0.344514565290799
TCGA_TCGA-BR-8371	767.873569403822	1481.06888317404	2248.94245257786	0.593733243275299
TCGA_TCGA-VQ-A8PU	-876.024976421652	143.477321109104	-732.547655312549	0.878798566395323
TCGA_TCGA-BR-8284	1059.0824498516	2060.00663384385	3119.08908369545	0.486398480024363
TCGA_TCGA-VQ-A8PD	659.157822839285	2308.93817651321	2968.0959993525	0.505642967291295
TCGA_TCGA-VQ-A922	404.817155543358	146.329669616756	551.146825160114	0.773856191961905
TCGA_TCGA-VQ-A8PB	-80.3573488110538	679.346705270874	598.98935645982	0.769389220954058
TCGA_TCGA-FP-8210	1585.46789877673	2458.12474316922	4043.59264194595	0.363718428071104
TCGA_TCGA-RD-A8N0	1088.18565920146	2533.89177574905	3622.07743495051	0.420621422581314
TCGA_TCGA-BR-8289	436.294972429043	580.618328034605	1016.91330046365	0.728779636410225
TCGA_TCGA-HU-A4GJ	476.46277241899	3029.00258734068	3505.46535975967	0.436088479346042
TCGA_TCGA-HU-A4H3	-436.587909664123	796.365610438976	359.777700774853	0.791340157053113
TCGA_TCGA-BR-A4QL	-578.972938954877	795.074073999658	216.101135044781	0.804057172339017
TCGA_TCGA-BR-7716	441.375810662699	1934.40730636948	2375.78311703218	0.578649410838876
TCGA_TCGA-HU-8608	504.468807104939	2531.68189928174	3036.15070638668	0.496999389423582
TCGA_TCGA-F1-A72C	526.093765171734	1340.39181388532	1866.48557905705	0.637948029628441
TCGA_TCGA-VQ-A8P3	204.007869482689	817.189623564691	1021.19749304738	0.728348874818325
TCGA_TCGA-BR-7704	289.41500824911	2164.49075093942	2453.90575918853	0.569258948613544
TCGA_TCGA-VQ-A91N	-767.938594048344	363.661140146498	-404.277453901847	0.854793272370712
TCGA_TCGA-CD-A4MH	-9.86296814669129	804.012803882713	794.149835736021	0.750776712664306
TCGA_TCGA-EQ-8122	258.304041314896	474.571037485844	732.87507880074	0.756687585073584
TCGA_TCGA-VQ-A91Y	1035.32491292684	1776.02532558667	2811.3502385135	0.525357764244818
TCGA_TCGA-CG-4438	253.93078179534	1773.29140967032	2027.22219146566	0.61960269224596
TCGA_TCGA-BR-4366	207.376988440603	794.812724860081	1002.18971330068	0.730257846699119
TCGA_TCGA-ZQ-A9CR	1019.3857359048	1570.27219932215	2589.65793522695	0.552763995606214
TCGA_TCGA-BR-8690	786.175351510893	1992.2442347098	2778.41958622069	0.529464633307353
TCGA_TCGA-BR-4357	792.582108262729	2019.29467660799	2811.87678487072	0.525291997285921
TCGA_TCGA-CG-4440	-448.080204552411	822.280626935919	374.200422383508	0.790044047423119
TCGA_TCGA-BR-6802	189.466892358244	1833.8567192259	2023.32361158415	0.620051771515332
TCGA_TCGA-BR-4370	1305.65006680187	1907.65267470115	3213.30274150302	0.47426903020031
TCGA_TCGA-VQ-A8E2	422.908387064846	548.75327336132	971.661660426166	0.733311908516642
TCGA_TCGA-D7-6818	1166.50217109424	1612.9102651451	2779.41243623934	0.529340992739823
TCGA_TCGA-RD-A8N9	1430.45243717369	1657.71408113235	3088.16651830604	0.490359412994283
TCGA_TCGA-D7-6525	347.375581993882	874.322718584332	1221.69830057821	0.707869918794024
TCGA_TCGA-HU-A4G2	123.911166659022	1155.73289070763	1279.64405736665	0.701836398916848
TCGA_TCGA-B7-A5TK	1116.68019927743	2430.53926097844	3547.21946025587	0.430564796907088
TCGA_TCGA-SW-A7EB	-243.43442867405	1252.5126098653	1009.07818119126	0.729566686434089
TCGA_TCGA-BR-7959	1181.30817499144	932.050047286099	2113.35822227754	0.60962913849236
TCGA_TCGA-CG-4301	991.715176526699	1433.91584421951	2425.63102074621	0.572666324568269
TCGA_TCGA-BR-8060	916.692318795678	1368.59978725739	2285.29210605307	0.589431371220539
TCGA_TCGA-RD-A8MV	325.73771695657	2397.53274853707	2723.27046549364	0.53631467039718
TCGA_TCGA-BR-8484	677.185293129008	1942.59701470418	2619.78230783319	0.549073659784025
TCGA_TCGA-HU-A4GC	91.3120316610531	816.207034495365	907.519066156418	0.739680761357203
TCGA_TCGA-BR-6564	1319.90150279713	1538.64059065936	2858.54209345649	0.519450966186905
TCGA_TCGA-HU-A4GU	-698.823945445142	442.836180757419	-255.987764687723	0.843295169409107
TCGA_TCGA-BR-8059	768.704666000221	492.861957769954	1261.56662377018	0.703724156089076
TCGA_TCGA-F1-6177	-571.232617610219	575.959323403774	4.72670579355531	0.822114564377754
TCGA_TCGA-CD-8528	61.8584477592515	699.702649191359	761.56109695061	0.753927978796205
TCGA_TCGA-BR-6710	-50.4975500397456	797.28618405456	746.788634014814	0.755350768108525
TCGA_TCGA-BR-8291	1691.92979561193	1932.96888419101	3624.89867980294	0.42024567638692
TCGA_TCGA-D7-6526	-456.365070816248	358.181213904698	-98.1838569115499	0.830620661707026
TCGA_TCGA-BR-8364	1627.04613877574	1629.42669683595	3256.47283561169	0.468680692656702
TCGA_TCGA-KB-A93J	-11.2863086422709	1753.08338352254	1741.79707488027	0.651935021118794
TCGA_TCGA-BR-8080	1460.60142222419	1855.2292957296	3315.83071795379	0.460966174427878
TCGA_TCGA-IN-8462	312.396001141827	916.7437105213	1229.13971166313	0.707097949329481
TCGA_TCGA-F1-6874	343.204344564946	1659.83890823089	2003.04325279584	0.622384596736442
TCGA_TCGA-CD-A487	349.005239550538	611.224005823133	960.229245373672	0.734451834029363
TCGA_TCGA-BR-4369	511.308543200589	1324.31505203034	1835.62359523093	0.641430070876337
TCGA_TCGA-D7-6519	-224.94930198483	647.491407789984	422.542105805155	0.785673991015452
TCGA_TCGA-VQ-A91U	-164.972206224315	1346.41443593987	1181.44222971555	0.712031403396023
TCGA_TCGA-VQ-A925	-615.496033018205	391.365885889638	-224.130147128567	0.840772661827149
TCGA_TCGA-BR-8372	175.59873950594	1891.43086280934	2067.02960231528	0.615005669822517
TCGA_TCGA-F1-6875	-753.033263823586	-448.696349166228	-1201.72961298981	0.909553782988099
TCGA_TCGA-FP-7916	1031.13723921929	2299.45290171719	3330.59014093648	0.45904249291123
TCGA_TCGA-VQ-AA6D	-1188.45655203269	-37.7774134154291	-1226.23396544812	0.911042740674679
TCGA_TCGA-BR-8589	-252.985687518536	2205.72687227953	1952.741184761	0.628146932625426
TCGA_TCGA-3M-AB46	-19.941080043303	395.496302437891	375.555222394588	0.789922115189883
TCGA_TCGA-CG-5734	485.484965445542	2474.14263669587	2959.62760214141	0.506715019592951
TCGA_TCGA-BR-4294	-424.972706036139	163.534054866761	-261.438651169378	0.843724928190191
TCGA_TCGA-VQ-A924	-5.8375078128247	1197.32924603435	1191.49173822153	0.710994855099506
TCGA_TCGA-BR-8683	660.188938397929	968.30764233253	1628.49658073046	0.664455299432266
TCGA_TCGA-VQ-A8PK	-186.013744926367	645.533817859938	459.520072933571	0.782304490776544
TCGA_TCGA-BR-A4J4	299.178115956653	1238.20165597821	1537.37977193486	0.674391001234516
TCGA_TCGA-R5-A7ZE	-1023.44494208879	-199.10247093105	-1222.54741301984	0.910819487525154
TCGA_TCGA-D7-6522	1881.58323896094	2949.25717485234	4830.84041381327	0.253887933360481
TCGA_TCGA-D7-6822	-286.69528877922	651.217414523001	364.522125743781	0.79091418662398
TCGA_TCGA-BR-6803	1228.18453489156	1729.49439180566	2957.67892669722	0.506961600382518
TCGA_TCGA-BR-8483	-481.852341392373	-50.5019137110188	-532.354255103391	0.864398348579226
TCGA_TCGA-BR-6563	1570.23100041984	2442.55957090911	4012.79057132896	0.367926408087808
TCGA_TCGA-SW-A7EA	5.82290922870437	1082.55397276335	1088.37688199206	0.721556644135458
TCGA_TCGA-BR-6705	1610.95106801496	1370.25100399932	2981.20207201429	0.50398227117888
TCGA_TCGA-BR-8678	-125.383839321845	235.940549953455	110.55671063161	0.813171523289616
TCGA_TCGA-BR-8680	-871.605819932237	-462.765525525063	-1334.3713454573	0.917472450402568
TCGA_TCGA-CG-4462	2013.3362680243	2317.71436799152	4331.05063601582	0.324100861075012
TCGA_TCGA-RD-A8N5	1377.02570017278	1769.19403204913	3146.21973222191	0.482915005111837
TCGA_TCGA-BR-8295	-944.689119296656	-789.897903220007	-1734.58702251666	0.939245794174508
TCGA_TCGA-D7-8578	971.895941871957	1076.18245830285	2048.0784001748	0.617196812911798
TCGA_TCGA-R5-A7ZI	69.8732720838603	2280.84438425116	2350.71765633502	0.581646253000475
TCGA_TCGA-FP-8209	1668.05071047976	2495.22654696832	4163.27725744808	0.34729810046564
TCGA_TCGA-HU-8610	423.476445628909	2009.84790946552	2433.32435509443	0.571740178746825
TCGA_TCGA-VQ-AA69	-807.626013281389	851.314912492847	43.6888992114586	0.818845071018067
TCGA_TCGA-CG-5723	388.035634377578	2022.93128437445	2410.96691875202	0.574429607851172
TCGA_TCGA-RD-A8N2	1093.59191394452	1224.66761397498	2318.2595279195	0.58551526134662
TCGA_TCGA-BR-7722	318.444651310623	1085.92238274483	1404.36703405545	0.688678104263382
TCGA_TCGA-D7-8576	117.371841839988	818.904575886502	936.27641772649	0.736833458944674
TCGA_TCGA-BR-8058	1326.87291288085	2384.04676216273	3710.91967504358	0.408754714028932
TCGA_TCGA-VQ-A91E	-960.647823148858	1215.16950928894	254.521686140081	0.800691313564805
TCGA_TCGA-VQ-A8PO	153.32050826276	1696.50412503296	1849.82463329572	0.639829452008155
TCGA_TCGA-CG-4444	671.950285355206	1538.20682694697	2210.15711230218	0.598304728189182
TCGA_TCGA-CD-5798	1155.55953473201	1435.63942047672	2591.19895520873	0.552575477230551
TCGA_TCGA-BR-7851	405.023846367282	1213.10657725352	1618.1304236208	0.665591687694339
TCGA_TCGA-BR-8591	249.475149656111	1294.58169679935	1544.05684645546	0.673666984050299
TCGA_TCGA-D7-A6EV	-813.163199243128	229.407205848616	-583.755993394512	0.86816748111706
TCGA_TCGA-R5-A805	776.763920739347	2152.73549438486	2929.49941512421	0.510522722150162
TCGA_TCGA-VQ-A8P2	-928.934179273692	-56.9092343076077	-985.8434135813	0.895929567494686
TCGA_TCGA-BR-8687	77.9798729592242	409.418187828837	487.398060788061	0.779748953537767
TCGA_TCGA-MX-A5UG	1547.54175686967	2377.00944868172	3924.55120555138	0.379939168681227
TCGA_TCGA-VQ-A94U	420.683346194314	291.146574191789	711.829920386103	0.758703608388919
TCGA_TCGA-D7-A4Z0	746.737947271082	1804.16691754174	2550.90486481282	0.55749546994312
TCGA_TCGA-BR-8590	1215.24841343079	1692.64514556031	2907.8935589911	0.513247200169966
TCGA_TCGA-BR-6565	648.006034853035	1620.1426602592	2268.14869511224	0.591462340652172
TCGA_TCGA-VQ-A923	280.688081240638	2307.26901503386	2587.95709627449	0.552972032360317
TCGA_TCGA-D7-A4YU	629.098270509575	2174.05375992872	2803.1520304383	0.526381335884472
TCGA_TCGA-VQ-AA6K	86.6933411191729	980.338561496966	1067.03190261614	0.723722383614958
TCGA_TCGA-BR-8679	392.165223375942	370.520857238171	762.686080614113	0.753819482204298
TCGA_TCGA-F1-A448	812.367289221442	1891.60676017517	2703.97404939661	0.538703188676913
TCGA_TCGA-CD-8535	-596.34179659397	-220.776491753846	-817.118288347817	0.884654567665144
TCGA_TCGA-D7-8574	1558.90446663276	2681.20361902374	4240.10808565649	0.336700357803578
TCGA_TCGA-D7-5577	276.110364712404	2160.78862678533	2436.89899149773	0.571309605512974
TCGA_TCGA-CG-5722	591.996765455257	2600.40381137298	3192.40057682824	0.476967971308005
TCGA_TCGA-CG-5726	-957.449135114251	329.775800744342	-627.67333436991	0.87134866030334
TCGA_TCGA-D7-A748	1806.18015187847	2263.96947179391	4070.14962367237	0.360084412553328
TCGA_TCGA-BR-8373	551.25720474799	647.051850345793	1198.30905509378	0.710290807636683
TCGA_TCGA-BR-A4J7	1276.61614416622	2064.96074444969	3341.57688861591	0.457609126724672
TCGA_TCGA-BR-6852	809.267634465427	2403.99279631222	3213.26043077764	0.474274497987874
TCGA_TCGA-BR-6458	950.938290150437	1822.00709758108	2772.94538773152	0.530146138500623
TCGA_TCGA-ZA-A8F6	902.094452345433	1499.27017793759	2401.36463028302	0.575582792433101
TCGA_TCGA-BR-7196	1349.70469871899	1888.19199999618	3237.89669871517	0.471087680125756
TCGA_TCGA-IN-A6RI	-1091.44042585784	165.561928410946	-925.87849744689	0.89198502796268
TCGA_TCGA-HJ-7597	-739.067812696681	1167.81696980681	428.749157110133	0.785110007083626
TCGA_TCGA-HU-A4GQ	364.075424657982	1012.58987734653	1376.66530200451	0.691620738283516
TCGA_TCGA-B7-5818	75.4596876261445	1832.21496670979	1907.67465433593	0.633280437329028
TCGA_TCGA-BR-4256	1696.9735466395	2453.59368703554	4150.56723367504	0.349047049158458
TCGA_TCGA-BR-A4J6	159.832432465483	619.564793637091	779.397226102574	0.752205393267483
TCGA_TCGA-CG-4443	-113.948022944615	45.6163832499774	-68.3316396946374	0.828172650538791
TCGA_TCGA-CG-5718	128.580461706759	1598.32587704441	1726.90633875116	0.653590889967686
TCGA_TCGA-BR-6455	377.33659746133	1496.42729221072	1873.76388967205	0.637124934744611
TCGA_TCGA-BR-4363	936.269758395329	1752.26783206864	2688.53759046397	0.540610809145358
TCGA_TCGA-VQ-A8P5	266.790577562872	917.530206875223	1184.32078443809	0.711734655480735
TCGA_TCGA-BR-A4PF	18.3573324257096	1649.65738916042	1668.01472158613	0.660109040726028
TCGA_TCGA-VQ-A94R	622.055437029743	950.029856239614	1572.08529326936	0.670620715473128
TCGA_TCGA-HU-8249	-473.169339899264	1089.86483396768	616.695494068411	0.767726398747356
TCGA_TCGA-CG-5725	-679.828212341276	-163.000019407833	-842.828231749109	0.886407843339074
TCGA_TCGA-HU-A4H4	44.1618250720519	1800.16807686048	1844.32990193253	0.640449101009124
TCGA_TCGA-VQ-A8PJ	-875.828102836323	139.089313449826	-736.738789386497	0.879091973861356
TCGA_TCGA-BR-6709	1123.169975308	2541.98756506493	3665.15754037293	0.414875997424978
TCGA_TCGA-MX-A666	-590.601169479703	779.930035185236	189.328865705533	0.806387462710854
TCGA_TCGA-BR-A44T	970.067087324294	2752.51048294703	3722.57757027133	0.407192359445304
TCGA_TCGA-CD-5813	1724.49879265859	2392.70273858353	4117.20153124212	0.353632502782435
TCGA_TCGA-VQ-AA64	369.445886958843	429.451003506093	798.896890464935	0.750316246657678
TCGA_TCGA-HF-7132	502.443133180524	1962.49139903343	2464.93453221395	0.567927214512679
TCGA_TCGA-CG-5717	100.57890541116	1614.11232351525	1714.69122892641	0.654946894697131
TCGA_TCGA-BR-A4J8	634.671289680946	812.423256617854	1447.0945462988	0.684117037570019
TCGA_TCGA-CG-5732	-387.797960598952	1833.37189767447	1445.57393707552	0.68427982209829
TCGA_TCGA-CG-4477	662.281626416351	2125.06612871608	2787.34775513243	0.528352396035578
TCGA_TCGA-HU-A4G3	-254.94652641051	705.526260098475	450.579733687964	0.783121267306966
TCGA_TCGA-IN-AB1X	-412.019424473628	1707.57811918091	1295.55869470728	0.700170403458351
TCGA_TCGA-CD-5804	810.133763093483	1544.97861106967	2355.11237416316	0.581121385884685
TCGA_TCGA-CG-5721	602.653251429455	2624.84223276311	3227.49548419256	0.47243388031152
TCGA_TCGA-CD-A489	932.393831257638	1448.70241452401	2381.09624578165	0.57801316226598
TCGA_TCGA-RD-A8N4	890.757308817917	1305.94655275607	2196.70386157398	0.599885890767362
TCGA_TCGA-BR-6566	774.353629688776	1794.92958191378	2569.28321160256	0.555253844128622
TCGA_TCGA-HU-8244	-1528.82628902248	149.323470838042	-1379.50281818444	0.920087630023895
TCGA_TCGA-FP-A9TM	-607.349160697879	1663.27875957271	1055.92959887483	0.724846056425778
TCGA_TCGA-RD-A8N1	668.906300719364	2430.33238626018	3099.23868697954	0.488942313720763
TCGA_TCGA-VQ-A8DT	-935.352201411121	463.332337305346	-472.019864105775	0.859911447537421
TCGA_TCGA-BR-8487	-16.9915328322327	1236.30811416109	1219.31658132885	0.708116819164444
TCGA_TCGA-CD-8526	253.157099734749	1016.83730398596	1269.99440372071	0.702844691058616
TCGA_TCGA-HU-A4H6	154.332302479667	1547.89459521986	1702.22689769952	0.656328395054037
TCGA_TCGA-BR-7957	1353.27368714953	895.439517072958	2248.71320422248	0.593760320617457
TCGA_TCGA-RD-A8N6	48.901472337165	306.453945470076	355.355417807241	0.791736858891947
TCGA_TCGA-D7-A4YX	-184.236712405463	1563.38828749352	1379.15157508806	0.691357098759726
TCGA_TCGA-BR-A4CS	365.434628049439	997.897850501859	1363.3324785513	0.693032952335343
TCGA_TCGA-BR-4191	1112.06609497893	2292.76464976048	3404.83074473941	0.449333790480764
TCGA_TCGA-B7-A5TI	536.783726798086	900.165220492114	1436.9489472902	0.685202500700918
TCGA_TCGA-IP-7968	528.148266659883	1048.76836453517	1576.91663119505	0.670094473619773
TCGA_TCGA-IN-A6RO	-1183.48713852669	303.679311239652	-879.807827287036	0.888907502206574
TCGA_TCGA-BR-4280	-226.513231464264	1383.037073169	1156.52384170474	0.714594901173907
TCGA_TCGA-IN-7808	216.342525137623	2820.65217468777	3036.99469982539	0.496891881300119
TCGA_TCGA-D7-8572	947.231508497516	1379.66520546294	2326.89671396046	0.584487003148624
TCGA_TCGA-BR-8366	1231.73193780809	2557.23207260517	3788.96401041326	0.398272864796754
TCGA_TCGA-3M-AB47	1127.31994153509	1369.66638443385	2496.98632596894	0.564048496159112
TCGA_TCGA-CD-A48A	-179.72753097094	834.511085461889	654.783554490949	0.764131903422296
TCGA_TCGA-VQ-A8PC	398.433649096553	1650.34870382717	2048.78235292372	0.617115507012674
TCGA_TCGA-D7-6528	-748.896725507947	267.545484882632	-481.351240625315	0.860609814060804
TCGA_TCGA-BR-6707	332.081964667299	1967.20568634702	2299.28765101432	0.587770559512336
TCGA_TCGA-BR-8368	-634.245593318016	880.336378148533	246.090784830517	0.801432093241573
TCGA_TCGA-HU-A4HD	-81.4028219969202	434.914147278018	353.511325281098	0.791902185048322
TCGA_TCGA-BR-8369	252.051077913306	396.584470309562	648.635548222868	0.764713730469397
TCGA_TCGA-BR-4267	75.1148339065539	1096.22548120719	1171.34031511375	0.713071795500468
TCGA_TCGA-R5-A7O7	141.413481350162	1202.81453763816	1344.22801898832	0.695051870467098
TCGA_TCGA-RD-A7BS	466.668661645982	1611.95085956078	2078.61952120676	0.613663293903075
TCGA_TCGA-BR-A4J5	1345.8986794837	1398.11706900576	2744.01574848946	0.53374201171916
TCGA_TCGA-VQ-AA6F	-302.630836667107	1272.64220109395	970.01136442684	0.73347658705815
TCGA_TCGA-HF-7133	418.492078048217	1732.60867496282	2151.10075301104	0.605228189129159
TCGA_TCGA-D7-8575	12.1918381010798	1566.78090488935	1578.97274299043	0.669870414342806
TCGA_TCGA-BR-8077	366.002629031367	1745.7208307167	2111.72345974807	0.609819337365833
TCGA_TCGA-CD-8531	456.052558676721	2178.02125819775	2634.07381687447	0.547319143059116
TCGA_TCGA-IN-7806	-573.329518583417	314.443527064808	-258.885991518609	0.843523738634393
TCGA_TCGA-BR-8485	494.045013588288	1340.75814659498	1834.80316018327	0.641522458160422
TCGA_TCGA-BR-4361	1124.40404773526	1717.52326121087	2841.92730894613	0.521533423749659
TCGA_TCGA-IN-A7NU	383.081576500384	1499.1609079848	1882.24248448519	0.636165184306251
TCGA_TCGA-HU-A4H5	-668.553902588183	740.951846521716	72.3979439335326	0.816418820906896
TCGA_TCGA-RD-A7BW	1614.63404247929	2192.6952854579	3807.32932793719	0.395798637954912
TCGA_TCGA-D7-8579	1143.84146596583	1529.32612245408	2673.16758841991	0.542507459216443
TCGA_TCGA-BR-8486	458.390952873133	1430.68230405366	1889.07325692679	0.635391245419611
TCGA_TCGA-VQ-AA68	-669.616564363164	952.23068262313	282.614118259966	0.7982141325699
TCGA_TCGA-BR-8677	1203.23120069412	1785.83765441908	2989.0688551132	0.502984559480021
TCGA_TCGA-HU-A4HB	86.437199401726	2439.25830266776	2525.69550206949	0.560563678856052
TCGA_TCGA-BR-7707	-45.8616176325762	1156.12919889766	1110.26758126508	0.719328176694306
TCGA_TCGA-VQ-A8P8	352.6751972217	1347.333222662	1700.0084198837	0.656574052736024
TCGA_TCGA-BR-8384	1468.26426041602	1574.52431619882	3042.78857661484	0.496153649839785
TCGA_TCGA-VQ-A92D	-435.408363968153	-93.1218116535165	-528.53017562167	0.864115971158845
TCGA_TCGA-HU-A4H2	-244.446607447009	1122.21219639523	877.765588948225	0.742612817813661
TCGA_TCGA-BR-8361	-198.935943985433	1296.98405666461	1098.04811267918	0.720573032693666
TCGA_TCGA-VQ-A91Z	-1490.25118658353	-554.914598641475	-2045.165785225	0.953912817397825
TCGA_TCGA-D7-6527	83.3969241150778	933.865299516064	1017.26222363114	0.728744564102283
TCGA_TCGA-RD-A8MW	1049.05694700036	2031.2836124003	3080.34055940066	0.491360256879051
TCGA_TCGA-D7-A6EX	-342.663027475803	58.1990494394759	-284.463978036327	0.84553432776207
TCGA_TCGA-VQ-A927	-26.0480562852584	974.522950820003	948.474894534745	0.735621703181212
TCGA_TCGA-BR-4257	937.605503171659	1785.22042568642	2722.82592885808	0.536369743818566
TCGA_TCGA-CG-4475	933.503211378446	863.256042724421	1796.75925410287	0.645796252940062
TCGA_TCGA-CD-5801	320.822490356464	2247.82080462706	2568.64329498352	0.555331963411978
TCGA_TCGA-VQ-A8PP	114.326310218301	1084.16211197533	1198.48842219363	0.710272274180725
TCGA_TCGA-RD-A7C1	382.260679840543	2069.11672359747	2451.37740343801	0.569564039716091
TCGA_TCGA-HU-8604	742.601739730792	2315.33741175459	3057.93915148539	0.494221532380992
TCGA_TCGA-BR-6456	1161.12972339035	1356.77467527521	2517.90439866556	0.561510376279342
TCGA_TCGA-BR-A4CR	-817.010216055943	-501.876669693917	-1318.88688574986	0.916565907609854
TCGA_TCGA-BR-7901	994.098137046127	1416.10903302321	2410.20717006933	0.574520891296567
TCGA_TCGA-BR-4371	-551.406696747547	967.031746958355	415.625050210808	0.786301718803774
TCGA_TCGA-MX-A663	1084.84282583111	683.336248331407	1768.17907416252	0.648993666497051
TCGA_TCGA-VQ-A8PF	811.362970965766	2470.55190305319	3281.91487401896	0.465378410538838
TCGA_TCGA-BR-7715	420.870117239187	309.280805785877	730.150923025065	0.756948953156587
TCGA_TCGA-BR-4367	1243.33213810809	1929.32217981231	3172.6543179204	0.479513534832354
TCGA_TCGA-D7-A74A	-897.558466778058	809.680759727961	-87.877707050097	0.829777313033354
TCGA_TCGA-BR-4253	648.481397481444	2794.9976562961	3443.47905377754	0.44425842296939
TCGA_TCGA-BR-8381	1062.29367201498	2339.82010636482	3402.11377837979	0.449690045382518
TCGA_TCGA-FP-7998	1287.17374108554	2814.35224143161	4101.52598251715	0.3557838737662
TCGA_TCGA-VQ-A8DZ	-278.21341391902	608.122711353209	329.90929743419	0.794013020540875
TCGA_TCGA-HU-A4GD	-1231.189485327	216.864880684062	-1014.32460464294	0.89777878698286
TCGA_TCGA-VQ-A8DV	-909.219941468467	-145.911971845837	-1055.1319133143	0.900400957684561
TCGA_TCGA-CG-4306	636.980012678331	1590.05262316986	2227.03263584819	0.596318047070703
TCGA_TCGA-VQ-A8PH	-829.833822681756	804.505084851748	-25.3287378300082	0.824618285247413
TCGA_TCGA-R5-A7ZR	-756.467604440432	587.400386747002	-169.06721769343	0.836369421452203
TCGA_TCGA-HF-7131	-47.0678968548239	1330.56883695595	1283.50094010113	0.701432999308368
TCGA_TCGA-HU-8238	142.789402241383	1365.15706301379	1507.94646525517	0.677574820108671
TCGA_TCGA-VQ-AA6A	-823.123114951081	211.59705894975	-611.52605600133	0.870183224842994
TCGA_TCGA-BR-8081	1121.44716546579	2305.96403273015	3427.41119819594	0.446370229406351
TCGA_TCGA-VQ-AA6G	-610.029728654045	399.386286604959	-210.643442049086	0.839699232874909
TCGA_TCGA-BR-8686	843.017780764989	2150.19859104369	2993.21637180868	0.502458276916585
TCGA_TCGA-VQ-A94O	-427.322944542006	697.365395278318	270.042450736313	0.799324378350014
TCGA_TCGA-FP-8211	-587.496588663829	1116.35211101375	528.85552234992	0.775924470175491
TCGA_TCGA-BR-7197	-185.573128821553	-34.572176893132	-220.145305714685	0.84045584454845
TCGA_TCGA-FP-7735	135.159834655091	1417.47900394551	1552.63883860061	0.67273546005226
TCGA_TCGA-D7-A6EY	460.947220193352	2133.16209423223	2594.10931442558	0.552219365671092
TCGA_TCGA-HU-A4GH	-1410.46342467429	638.325076994804	-772.138347679485	0.881556895863527
TCGA_TCGA-CG-4437	668.960903196765	1952.39062753491	2621.35153073167	0.548881129936969
TCGA_TCGA-D7-6815	187.823541494554	666.022108261256	853.84564975581	0.744959739383184
TCGA_TCGA-CD-8525	418.470109255505	1578.96219856195	1997.43230781746	0.623029043755437
TCGA_TCGA-CG-5719	1215.01201769518	1552.81430841637	2767.82632611154	0.530783121552064
TCGA_TCGA-RD-A8NB	626.286090261	1812.55039962906	2438.83648989006	0.57107616360328
TCGA_TCGA-BR-A4IV	1551.67030453387	998.86064429273	2550.5309488266	0.55754103480126
TCGA_TCGA-HF-A5NB	-839.763602459392	807.39143235663	-32.3721701027622	0.825202707544553
TCGA_TCGA-FP-8099	127.341672725293	786.582097425164	913.923770150457	0.739047762421805
TCGA_TCGA-VQ-A94T	-580.234194842402	-135.842182084782	-716.076376927184	0.8776422454123
TCGA_TCGA-CD-8533	-310.635937472412	-412.069763628561	-722.705701100973	0.878108256247767
TCGA_TCGA-CD-8530	1302.9727017153	1191.09480966482	2494.06751138012	0.564402231843628
TCGA_TCGA-CG-4469	-56.7453321292065	1332.5474275215	1275.8020953923	0.702238014281779
TCGA_TCGA-VQ-A8PE	-231.20514990443	1047.37560662563	816.1704567212	0.748637631467067
TCGA_TCGA-CD-8534	244.235697365458	1154.66198022532	1398.89767759078	0.689259993832833
TCGA_TCGA-VQ-A94P	1339.58858305058	1459.96573542219	2799.55431847277	0.526830280775976
GSE84437_GSM2235556	-186.025601355033	265.936612780041	79.9110114250082	0.815781483431724
GSE84437_GSM2235557	972.18784255696	1052.31695641541	2024.50479897238	0.619915731413346
GSE84437_GSM2235558	537.385732598329	1316.90083376015	1854.28656635848	0.639325966949067
GSE84437_GSM2235559	227.314891738985	1411.25428359497	1638.56917533396	0.663349619167968
GSE84437_GSM2235560	1170.60567616861	1609.02648462953	2779.63216079814	0.529313628709725
GSE84437_GSM2235561	940.105318984837	1454.43371664794	2394.53903563278	0.576401815438462
GSE84437_GSM2235562	-318.322187059111	168.257413986312	-150.064773072799	0.834837148714296
GSE84437_GSM2235563	126.522684806886	710.201874929954	836.72455973684	0.746633949354422
GSE84437_GSM2235564	-1307.85251504781	-302.957140204449	-1610.80965525226	0.932854659792325
GSE84437_GSM2235565	699.58587142126	724.123792495584	1423.70966391684	0.686616666879346
GSE84437_GSM2235566	390.52669405534	931.575045254173	1322.10173930951	0.697383295749064
GSE84437_GSM2235567	829.799218223835	1009.68980666625	1839.48902489008	0.640994668680571
GSE84437_GSM2235568	-805.929213938536	-242.730535951646	-1048.65974989018	0.899987226656633
GSE84437_GSM2235569	-431.95902079429	100.028222679994	-331.930798114295	0.849233910555171
GSE84437_GSM2235570	569.001824228092	840.774657693943	1409.77648192203	0.688102151799991
GSE84437_GSM2235571	-110.043713328924	932.603002646665	822.559289317741	0.748015555943042
GSE84437_GSM2235572	739.54576180131	1921.62045492478	2661.16621672609	0.543986502650405
GSE84437_GSM2235573	714.0826708101	1779.38904829837	2493.47171910847	0.564474424106271
GSE84437_GSM2235574	769.634727724096	611.170832810226	1380.80556053432	0.69118166237797
GSE84437_GSM2235575	-932.494703818627	155.329886195794	-777.164817622833	0.881904967842926
GSE84437_GSM2235576	178.238624974777	1828.46454355477	2006.70316852955	0.621964008314801
GSE84437_GSM2235577	1362.43650199665	1650.67267328603	3013.10917528268	0.499931473769084
GSE84437_GSM2235578	191.169277168496	1660.34469937189	1851.51397654039	0.639638858589742
GSE84437_GSM2235579	1204.95530575876	1812.34037644381	3017.29568220257	0.499399155936349
GSE84437_GSM2235580	1293.82222029815	2265.69312108058	3559.51534137873	0.42893507310723
GSE84437_GSM2235582	159.397604303332	1019.65905933204	1179.05666363537	0.712277233174981
GSE84437_GSM2235584	59.2620872984967	923.012930952771	982.275018251268	0.732251802585546
GSE84437_GSM2235585	688.839290616221	2171.21656311788	2860.0558537341	0.519261081314323
GSE84437_GSM2235586	1458.29308537006	3082.75079642884	4541.0438817989	0.294790777811258
GSE84437_GSM2235587	423.682619630582	1316.32206184196	1740.00468147254	0.652134502603195
GSE84437_GSM2235588	915.986717320258	640.378580104056	1556.36529742431	0.672330642685569
GSE84437_GSM2235589	22.3154899028107	406.27189660497	428.587386507781	0.785124714127598
GSE84437_GSM2235593	-102.566503896742	1247.95673451812	1145.39023062138	0.715737191628099
GSE84437_GSM2235595	840.059533265084	2099.52999238825	2939.58952565333	0.509248608078497
GSE84437_GSM2235596	214.396633527556	1274.58689088041	1488.98352440797	0.679619357528838
GSE84437_GSM2235597	-827.044965389004	662.486429070878	-164.558536318126	0.836006449785932
GSE84437_GSM2235598	870.948737204476	2446.3171440124	3317.26588121687	0.460779216066085
GSE84437_GSM2235599	167.78961358608	1381.21611652858	1549.00573011466	0.673129942679807
GSE84437_GSM2235600	1181.78994716525	1398.84702090321	2580.63696806846	0.553866994420859
GSE84437_GSM2235601	1257.29917707307	1393.28395706741	2650.58313414048	0.545289356189445
GSE84437_GSM2235602	1172.52470306014	2084.99958353294	3257.52428659308	0.468544347398529
GSE84437_GSM2235603	-36.2759462252183	415.72710185223	379.451155627011	0.789571306459782
GSE84437_GSM2235604	222.028614354409	893.786199884318	1115.81481423873	0.718762289395062
GSE84437_GSM2235605	1124.74485529015	1486.11441357232	2610.85926886246	0.55016788406048
GSE84437_GSM2235606	1353.20062780195	2234.77020772054	3587.97083552249	0.425158168075616
GSE84437_GSM2235607	925.750044716847	1401.44279405129	2327.19283876814	0.584451732781978
GSE84437_GSM2235608	-760.961305321444	483.81587495023	-277.145430371214	0.844960260369775
GSE84437_GSM2235609	1268.02048133894	2411.86581126421	3679.88629260316	0.412907864103033
GSE84437_GSM2235610	1620.85475768891	1528.5548227336	3149.4095804225	0.482504936145866
GSE84437_GSM2235611	-10.0095892934358	1140.18468487549	1130.17509558205	0.717295147912467
GSE84437_GSM2235612	1078.29275033611	1309.84331233964	2388.13606267575	0.577169600865024
GSE84437_GSM2235613	-947.634693013088	35.4919432711031	-912.142749741985	0.891071740281726
GSE84437_GSM2235614	583.43530920085	1940.30160560223	2523.73691480308	0.56080173594479
GSE84437_GSM2235615	680.200255347409	711.829312351738	1392.02956769915	0.689990068729134
GSE84437_GSM2235616	236.035423863148	1750.01888480865	1986.05430867179	0.624334569848458
GSE84437_GSM2235617	3.98626501779967	1021.18692928218	1025.17319429998	0.727948873339757
GSE84437_GSM2235618	-452.208705910212	785.160786759451	332.952080849239	0.793741425331418
GSE84437_GSM2235619	121.971502646407	764.559205180793	886.5307078272	0.74175052846714
GSE84437_GSM2235620	-64.4447859378711	972.606925408668	908.162139470797	0.739617233725291
GSE84437_GSM2235621	208.262737650041	708.38067028394	916.643407933981	0.73877877365046
GSE84437_GSM2235622	1230.20370652927	1836.63447735369	3066.83818388297	0.493085519402388
GSE84437_GSM2235623	-607.413921659702	1171.31493379061	563.901012130912	0.772669078449258
GSE84437_GSM2235624	-30.452233388888	971.005848726092	940.553615337204	0.736408845237508
GSE84437_GSM2235625	1166.35515100259	1786.58756720278	2952.94271820537	0.507560736058834
GSE84437_GSM2235626	1784.3619004133	2021.49067116015	3805.85257157345	0.395997697281936
GSE84437_GSM2235627	283.124213492855	1101.2033801633	1384.32759365615	0.690807948538318
GSE84437_GSM2235628	1770.03109743996	1365.93199377486	3135.96309121482	0.484232823287146
GSE84437_GSM2235629	1344.14615265902	2027.15889133906	3371.30504399809	0.453724740095934
GSE84437_GSM2235630	1578.6616383975	1804.65587591579	3383.31751431329	0.452152692818992
GSE84437_GSM2235631	1254.47121572931	2430.74702511476	3685.21824084407	0.412194904843847
GSE84437_GSM2235632	762.199308456557	2101.99593870773	2864.19524716429	0.518741708248869
GSE84437_GSM2235633	1498.88237965684	2196.18677347334	3695.06915313018	0.410877030315932
GSE84437_GSM2235634	457.627553819991	986.235166568168	1443.86272038816	0.684462970800258
GSE84437_GSM2235635	-10.0111252750254	1451.76118568383	1441.75006040881	0.684689025743666
GSE84437_GSM2235636	1439.35549922541	1801.48371455005	3240.83921377545	0.470706639198058
GSE84437_GSM2235637	-45.0721817876895	1751.95323276484	1706.88105097715	0.655812802702416
GSE84437_GSM2235695	-839.67752807186	784.618728563188	-55.0587995086722	0.827079110307533
GSE84437_GSM2235696	107.571784278577	1676.80865331811	1784.38043759669	0.647182534245121
GSE84437_GSM2235697	-1148.79142472133	-265.467061734838	-1414.25848645617	0.922074058981581
GSE84437_GSM2235698	-232.621698094101	806.617588136938	573.995890042838	0.77172756351632
GSE84437_GSM2235699	724.935840757214	755.077642982599	1480.01348373981	0.680584651559852
GSE84437_GSM2235700	483.984860991037	1535.41556320454	2019.40042419558	0.620503480348276
GSE84437_GSM2235701	-1139.49605505578	162.175190838083	-977.320864217701	0.895373172134302
GSE84437_GSM2235702	932.310902798249	970.348499690329	1902.65940248858	0.63385001248077
GSE84437_GSM2235703	459.738468021295	1357.87346647265	1817.61193449395	0.643456180025464
GSE84437_GSM2235704	253.397812497697	1335.76134957422	1589.15916207192	0.668759477009321
GSE84437_GSM2235705	-28.7543217599777	1075.04114047493	1046.28681871496	0.725820447695855
GSE84437_GSM2235706	-105.587930238399	288.456370873896	182.868440635497	0.806947922010538
GSE84437_GSM2235707	-29.3129421421259	1224.1220231072	1194.80908096507	0.710652350741608
GSE84437_GSM2235708	-189.143618155981	1237.91032041989	1048.7667022639	0.725569997285216
GSE84437_GSM2235709	-475.615703972934	868.580230795919	392.964526822985	0.788352496489515
GSE84437_GSM2235710	676.506310227018	1042.77194235727	1719.27825258428	0.654437933834848
GSE84437_GSM2235711	-40.2856109567618	1127.07349921314	1086.78788825637	0.721718113530367
GSE84437_GSM2235712	-1770.33777373091	-567.825891926484	-2338.1636656574	0.965932940709318
GSE84437_GSM2235713	315.1864117598	877.249652150558	1192.43606391036	0.710897373844654
GSE84437_GSM2235714	-1479.63487636721	-127.55873392339	-1607.1936102906	0.932663308484701
GSE84437_GSM2235715	390.200897873588	2135.29639742439	2525.49729529798	0.560587772066275
GSE84437_GSM2235716	-283.213267959048	-88.6232716962947	-371.836539655342	0.852312287293859
GSE84437_GSM2235717	1104.51388836812	1314.4168200596	2418.93070842773	0.57347233256399
GSE84437_GSM2235718	58.8227279778206	1579.49133873606	1638.31406671388	0.663377640642735
GSE84437_GSM2235719	249.46231953154	983.700340880019	1233.16266041156	0.706680258590879
GSE84437_GSM2235720	281.374681329255	825.869079434476	1107.24376076373	0.719636443464232
GSE84437_GSM2235721	402.199374949371	1143.0216793551	1545.22105430448	0.673540678884138
GSE84437_GSM2235722	291.795812843154	1655.75248163068	1947.54829447383	0.628739857511981
GSE84437_GSM2235723	-660.812479523926	-159.868197646445	-820.680677170371	0.88489825536848
GSE84437_GSM2235724	945.04463208886	1789.93919555163	2734.98382764049	0.534862685699049
GSE84437_GSM2235725	856.674469470164	2450.33439313635	3307.00886260651	0.462114945650522
GSE84437_GSM2235726	1402.99886798267	3144.22204936525	4547.22091734792	0.293924232443933
GSE84437_GSM2235727	28.6794864044306	1525.485299147	1554.16478555143	0.672569715791651
GSE84437_GSM2235728	1063.61213358646	1478.94338441915	2542.55551800561	0.558512508998874
GSE84437_GSM2235729	853.224196369793	1871.91857305106	2725.14276942086	0.536082686539346
GSE84437_GSM2235730	-510.763630921719	751.333947292565	240.570316370846	0.801916483326328
GSE84437_GSM2235731	-880.558747395738	1139.61452953412	259.05578213838	0.800292418850323
GSE84437_GSM2235732	676.448007848569	2054.26958358345	2730.71759143202	0.535391710302653
GSE84437_GSM2235733	762.718625221936	1364.42384209324	2127.14246731517	0.608023995204888
GSE84437_GSM2235734	-54.7586992359842	826.949697063339	772.190997827355	0.75290198098307
GSE84437_GSM2235735	-169.277234077218	1698.52964993205	1529.25241585483	0.675271402966728
GSE84437_GSM2235736	-1395.6248316593	-452.433792491004	-1848.0586241503	0.944832445866619
GSE84437_GSM2235737	368.699649377683	2100.57267744587	2469.27232682356	0.567403013940069
GSE84437_GSM2235738	-201.437117648994	909.243570410251	707.806452761258	0.759088213076831
GSE84437_GSM2235739	-648.362418366061	56.6050378225119	-591.757380543549	0.868749758210846
GSE84437_GSM2235740	-838.555617320852	1030.44175419332	191.886136872472	0.806165412170778
GSE84437_GSM2235741	447.488187372996	730.129113692895	1177.61730106589	0.712425515549875
GSE84437_GSM2235742	119.826229151288	1308.64667178263	1428.47290093392	0.686108175726936
GSE84437_GSM2235743	508.689036510262	1528.50832357074	2037.197360081	0.618452724374365
GSE84437_GSM2235744	-229.768683922312	970.43712208289	740.668438160577	0.755939186134353
GSE84437_GSM2235745	661.264873390938	1984.58589485699	2645.85076824793	0.545871518851987
GSE84437_GSM2235746	-590.110935441999	1203.17605656149	613.065121119489	0.768067758051472
GSE84437_GSM2235747	617.156746543242	1383.03936831303	2000.19611485627	0.622711658535942
GSE84437_GSM2235748	944.967082973656	1143.26524654899	2088.23232952265	0.612548564648643
GSE84437_GSM2235749	-1265.22256671158	98.8056710861633	-1166.41689562542	0.907387383322226
GSE84437_GSM2235750	260.671692037946	660.034508219302	920.706200257247	0.738376719392896
GSE84437_GSM2235751	-8.42962475225198	1839.78063883616	1831.35101408391	0.641911094354391
GSE84437_GSM2235752	-595.953833515798	1976.56314599478	1380.60931247899	0.691202480319607
GSE84437_GSM2235753	801.673616295759	1946.79546035864	2748.4690766544	0.533189100645167
GSE84437_GSM2235754	1375.17142090484	1455.61121039604	2830.78263130087	0.522928533635749
GSE84437_GSM2235755	967.623430413129	1342.28226755869	2309.90569797182	0.586508890621739
GSE84437_GSM2235756	1212.48906555069	1716.52640343506	2929.01546898575	0.510583803623746
GSE84437_GSM2235757	460.750086147133	1094.07831149277	1554.8283976399	0.672497625499537
GSE84437_GSM2235758	-621.687693872587	616.096491041948	-5.59120283063942	0.822975887513675
GSE84437_GSM2235759	1723.34206025868	1345.69872599007	3069.04078624875	0.492804214493363
GSE84437_GSM2235760	363.471913443774	530.217733393866	893.68964683764	0.741045339817543
GSE84437_GSM2235761	1112.35258781476	1588.70345216705	2701.05603998181	0.539064005342716
GSE84437_GSM2235762	74.8286685032902	1070.20139806503	1145.03006656832	0.715774111972159
GSE84437_GSM2235763	-68.8123915518587	1628.28591322856	1559.4735216767	0.671992832275429
GSE84437_GSM2235764	-1412.83280279403	666.384991544546	-746.447811249488	0.879770392102571
GSE84437_GSM2235765	1139.7105524781	1175.72974792184	2315.44030039994	0.585850687117491
GSE84437_GSM2235766	-784.503439527601	203.819993170286	-580.683446357315	0.867943567381342
GSE84437_GSM2235767	1120.51229267134	973.771343913205	2094.28363658454	0.611846211782365
GSE84437_GSM2235768	1149.66491850337	2592.4924720243	3742.15739052767	0.404565652504163
GSE84437_GSM2235769	-386.335924820366	384.09296564643	-2.24295917393641	0.822696588093867
GSE84437_GSM2235770	-109.273212628438	1182.18486876813	1072.91165613969	0.723126510461498
GSE84437_GSM2235771	562.504905553465	1348.8474235428	1911.35232909626	0.632862550805878
GSE84437_GSM2235772	643.078886353714	1481.40953399707	2124.48842035079	0.608333246508709
GSE84437_GSM2235773	571.857491450445	1273.48267333405	1845.3401647845	0.640335203417409
GSE84437_GSM2235774	421.220472295619	1096.02760950031	1517.24808179593	0.676570022655207
GSE84437_GSM2235775	412.006556207373	1521.26834647958	1933.27490268695	0.630367712138698
GSE84437_GSM2235776	514.493301565696	1409.48463323489	1923.97793480059	0.631426526850501
GSE84437_GSM2235777	557.328717177134	1957.73734929524	2515.06606647237	0.561855079743615
GSE84437_GSM2235778	179.727715177193	585.268104233795	764.995819410989	0.753596660066795
GSE84437_GSM2235779	-177.127583836451	1483.93035464603	1306.80277080957	0.698991033336145
GSE84437_GSM2235780	355.806602107171	1700.17878104001	2055.98538314719	0.616283185101627
GSE84437_GSM2235781	-154.828310723935	981.142146045556	826.313835321621	0.747649671859015
GSE84437_GSM2235782	600.494629924313	1257.01068592697	1857.50531585128	0.63896259258019
GSE84437_GSM2235783	909.866051074898	1306.90205104395	2216.76810211885	0.597526882182153
GSE84437_GSM2235784	-39.9884751754004	2025.38398143694	1985.39550626154	0.624410108371868
GSE84437_GSM2235785	336.679407981148	2629.42135275802	2966.10076073917	0.505895623895316
GSE84437_GSM2235786	1172.95961636874	2018.51947864767	3191.47909501641	0.477086852251767
GSE84437_GSM2235787	897.34223645234	1098.23773556386	1995.5799720162	0.623241701651468
GSE84437_GSM2235788	571.658915759245	2379.63773517042	2951.29665092966	0.507768907980056
GSE84437_GSM2235789	148.637249544911	1568.15112955308	1716.78837909799	0.654714238731324
GSE84437_GSM2235790	-117.194879373526	1707.2075243403	1590.01264496678	0.668666327701879
GSE84437_GSM2235791	1438.82039235874	1533.57672588668	2972.39711824542	0.505098170103423
GSE84437_GSM2235792	466.934013705565	918.614687434439	1385.54870114	0.690678336866078
GSE84437_GSM2235793	1517.40601342454	1573.30707099661	3090.71308442115	0.490033598904047
GSE84437_GSM2235794	686.405799903796	1826.87782652762	2513.28362643142	0.562071499711873
GSE84437_GSM2235795	841.74836601619	862.39458634921	1704.1429523654	0.656116169438845
GSE84437_GSM2235796	1119.83680214411	1639.07961808267	2758.91642022678	0.531891097856823
GSE84437_GSM2235797	-580.683273845948	1154.29286377805	573.609589932107	0.771763623608686
GSE84437_GSM2235798	-75.3657655215737	635.869931698574	560.504166177001	0.772985509326135
GSE84437_GSM2235799	-527.958183344742	791.0373913473	263.079208002557	0.799938154337213
GSE84437_GSM2235800	959.574933439519	2269.25110671362	3228.82604015314	0.472261731526796
GSE84437_GSM2235801	535.235826045151	1762.34862034971	2297.58444639486	0.587972806699299
GSE84437_GSM2235802	0.0755137739536898	1910.28374853082	1910.35926230477	0.632975409099116
GSE84437_GSM2235803	151.829304278715	1135.64411883995	1287.47342311867	0.701017273787862
GSE84437_GSM2235804	632.129015058146	1288.0538939156	1920.18290897374	0.631858397545773
GSE84437_GSM2235805	527.216524959182	703.778839617848	1230.99536457703	0.706905313064757
GSE84437_GSM2235806	-1210.43213503237	445.870270599213	-764.561864433153	0.881031334269155
GSE84437_GSM2235807	31.0495964152283	534.93916356661	565.988759981838	0.772474500394878
GSE84437_GSM2235808	249.45867803975	1541.15348639887	1790.61216443862	0.646484921214
GSE84437_GSM2235809	81.6867942449825	2261.73436123797	2343.42115548295	0.582517149347558
GSE84437_GSM2235810	-209.041947671855	551.80479017892	342.762842507066	0.792864650403981
GSE84437_GSM2235811	618.248469565671	1320.32553560051	1938.57400516618	0.629763681624437
GSE84437_GSM2235812	33.9754245791869	538.110620910101	572.086045489288	0.771905818253712
GSE84437_GSM2235813	-280.209361752275	1440.71787566018	1160.5085139079	0.71418561632842
GSE84437_GSM2235814	723.549756887879	1893.52753148097	2617.07728836885	0.549405473480367
GSE84437_GSM2235815	-199.50783479557	824.488546092675	624.980711297105	0.766946534027759
GSE84437_GSM2235816	351.978868323968	1818.69345517179	2170.67232349576	0.602938733090744
GSE84437_GSM2235817	29.75135756523	993.690165601983	1023.44152316721	0.728123129945615
GSE84437_GSM2235818	290.755552274166	2154.93893126222	2445.69448353639	0.570249498704155
GSE84437_GSM2235819	398.469689848097	593.844839660009	992.314529508105	0.73124737906067
GSE84437_GSM2235820	1101.9270909664	1978.50162459787	3080.42871556427	0.491348986398536
GSE84437_GSM2235821	94.148699933557	1601.92821459006	1696.07691452362	0.657009227262365
GSE84437_GSM2235822	-292.492260652081	618.05662615388	325.564365501799	0.79440056937329
GSE84437_GSM2235823	1081.69735618776	1930.1349424999	3011.83229868766	0.500093792125264
GSE84437_GSM2235824	1227.62848546941	1682.90674186165	2910.53522733105	0.512914364749614
GSE84437_GSM2235825	1193.9434977544	1004.5844692573	2198.5279670117	0.599671640339079
GSE84437_GSM2235826	204.645820661219	610.82321858464	815.469039245859	0.748705887824982
GSE84437_GSM2235827	1152.07518611545	1444.17420984747	2596.24939596292	0.55195744098431
GSE84437_GSM2235828	1231.95928199224	2798.65525208693	4030.61453407917	0.365492324776487
GSE84437_GSM2235829	83.4879351883708	1599.25005647028	1682.73799165865	0.65848406826888
GSE84437_GSM2235830	-523.227748919118	-15.4658164355096	-538.693565354627	0.864865855462824
GSE84437_GSM2235831	-509.270545011018	620.470182096521	111.199637085503	0.81311659163968
GSE84437_GSM2235837	1264.9062480599	1671.11379864631	2936.02004670621	0.509699466695477
GSE84437_GSM2235838	651.295524902782	637.68572617901	1288.98125108179	0.700859415212621
GSE84437_GSM2235839	42.4290125671048	845.739484278807	888.168496845911	0.741589270895293
GSE84437_GSM2235840	-325.732783943912	603.249709214389	277.516925270477	0.798664610483541
GSE84437_GSM2235841	913.921313327253	1627.745179491	2541.66649281825	0.558620752309818
GSE84437_GSM2235842	-98.4830824274509	229.44351831427	130.960435886819	0.811424698939697
GSE84437_GSM2235843	583.751233138532	1571.99239705543	2155.74363019397	0.604685522826032
GSE84437_GSM2235844	-110.340846228189	1452.29307510763	1341.95222887944	0.695292007026439
GSE84437_GSM2235845	580.856619167906	1513.77010180749	2094.6267209754	0.611806376777814
GSE84437_GSM2235846	109.950151072406	1115.90743332117	1225.85758439357	0.707438540148577
GSE84437_GSM2235847	920.593156587722	2688.75127373255	3609.34443032027	0.422316363511315
GSE84437_GSM2235848	1557.05487163345	1539.08332891366	3096.13820054712	0.489339267606973
GSE84437_GSM2235849	683.144427211527	1437.20178544498	2120.34621265651	0.608815714765287
GSE84437_GSM2235850	822.197002082745	1978.61800916098	2800.81501124372	0.52667298040124
GSE84437_GSM2235851	-294.029685625704	1403.38099661129	1109.35131098559	0.71942160186282
GSE84437_GSM2235852	679.653585567172	2733.11288826049	3412.76647382767	0.448292830337875
GSE84437_GSM2235853	3.33217435474005	2226.3966668267	2229.72884118144	0.596000295355413
GSE84437_GSM2235854	594.019617885999	1754.63215603558	2348.65177392158	0.581892900519215
GSE84437_GSM2235855	760.622140304408	3184.63483965045	3945.25697995486	0.377125968309972
GSE84437_GSM2235862	560.680565422574	2481.8978916532	3042.57845707577	0.49618042866406
GSE84437_GSM2235863	901.449978037315	1287.41823953953	2188.86821757684	0.60080573750102
GSE84437_GSM2235864	202.601598709196	1167.42304898542	1370.02464769462	0.692324448549488
GSE84437_GSM2235865	-400.636129454329	585.532298226152	184.896168771823	0.806772089242426
GSE84437_GSM2235866	1078.50751534292	1644.94031268068	2723.4478280236	0.536292696404746
GSE84437_GSM2235867	798.167009650124	1974.45557744931	2772.62258709943	0.53018631457832
GSE84437_GSM2235878	-282.650025657764	1581.6806007175	1299.03057505974	0.699806447816617
GSE84437_GSM2235879	1197.11072562394	1538.84670361039	2735.95742923433	0.534741927115558
GSE84437_GSM2235880	434.338454772573	1801.00452581117	2235.34298058374	0.595338361356188
GSE84437_GSM2235881	84.9001706794349	1359.68705812845	1444.58722880789	0.68438543312893
GSE84437_GSM2235882	818.459094424645	2150.12923699951	2968.58833142416	0.505580616722507
GSE84437_GSM2235883	960.311587265162	1614.4549096964	2574.76649696156	0.554584258764854
GSE84437_GSM2235884	1467.10065276439	2575.12248905277	4042.22314181716	0.363905678919264
GSE84437_GSM2235885	932.372261662793	2387.9232283793	3320.29549004209	0.460384482539192
GSE84437_GSM2235886	500.327442222977	793.01146880762	1293.3389110306	0.700403007076624
GSE84437_GSM2235887	118.0164869918	305.470227562548	423.486714554348	0.785588204216875
GSE84437_GSM2235888	-257.385592942898	1210.62673826105	953.241145318152	0.735147598789739
GSE84437_GSM2235889	-677.686680070657	1156.31279765725	478.626117586597	0.780554475577554
GSE84437_GSM2235899	496.663313236522	1789.98547197597	2286.6487852125	0.589270486718417
GSE84437_GSM2235900	752.745504576906	2310.06407467956	3062.80957925646	0.493599898441378
GSE84437_GSM2235901	337.306421714401	608.543188115324	945.849609829725	0.735882689467557
GSE84437_GSM2235902	1262.52154985078	1532.91900367205	2795.44055352283	0.527343441910134
GSE84437_GSM2235903	459.041007867495	552.361599926643	1011.40260779414	0.729333294767349
GSE84437_GSM2235904	391.620486476949	384.587194325952	776.207680802901	0.752513813495383
GSE84437_GSM2235905	1225.24909999711	2378.8050722893	3604.05417228641	0.42302013734314
GSE84437_GSM2235906	-33.6993970168286	1006.76423363113	973.064836614303	0.733171855538231
GSE84437_GSM2235907	-153.649457008834	1303.42384664955	1149.77438964071	0.715287612020249
GSE84437_GSM2235908	521.440420524238	818.599370083519	1340.03979060776	0.695493743471217
GSE84437_GSM2235909	173.17391849909	1159.35903836137	1332.53295686046	0.696285083226932
GSE84437_GSM2235910	779.890709383729	2382.67873019561	3162.56943957934	0.480812061118056
GSE84437_GSM2235921	-765.469784443002	132.856595947369	-632.613188495634	0.871704218442916
GSE84437_GSM2235922	156.584675485587	1658.77085975573	1815.35553524132	0.643709682811052
GSE84437_GSM2235923	-292.043519712309	292.419173294919	0.375653582609914	0.822478013581558
GSE84437_GSM2235924	-164.365460724471	506.205452113839	341.839991389368	0.792947194490873
GSE84437_GSM2235925	-164.750350135173	1188.48381539784	1023.73346526266	0.72809375535555
GSE84437_GSM2235926	1007.1089255658	2512.16341662684	3519.27234219264	0.434263745578437
GSE84437_GSM2235927	-867.487012357019	-4.45376426656838	-871.940776623587	0.888377914835003
GSE84437_GSM2235928	-61.77994868702	286.229557156627	224.449608469607	0.803327969659739
GSE84437_GSM2235929	1795.10690286758	1855.80083003319	3650.90773290077	0.416778286040455
GSE84437_GSM2235930	204.507995035476	1026.16961942127	1230.67761445674	0.706938302586966
GSE84437_GSM2235931	-370.816563309391	1765.23144974083	1394.41488643144	0.68973659059707
GSE84437_GSM2235932	-951.289758796961	1002.25457028567	50.9648114887077	0.818231545332421
GSE84437_GSM2235933	1845.69187499338	2083.10654830073	3928.79842329411	0.379362403602777
GSE84437_GSM2235934	1101.64085722646	3101.3779120564	4203.01876928286	0.341821742426233
GSE84437_GSM2235935	579.422424197484	1509.65882882003	2089.08125301751	0.612450062365595
GSE84437_GSM2235936	-246.758445610693	948.680179164686	701.921733553993	0.759650258589803
GSE84437_GSM2235937	-389.195717493998	1009.70230353365	620.506586039652	0.767367812100005
GSE84437_GSM2235938	-859.515249653283	661.477536602478	-198.037713050806	0.83869294667131
GSE84437_GSM2235939	759.028675108698	1249.15312968598	2008.18180479468	0.621794036190536
GSE84437_GSM2235940	883.835362851855	2117.77026967537	3001.60563252723	0.501393186064044
GSE84437_GSM2235941	377.916616861951	2343.94998156287	2721.86659842483	0.536488587003326
GSE84437_GSM2235942	-608.282065218815	1007.26156084882	398.979495630004	0.787808991160999
GSE84437_GSM2235943	876.673273746178	2359.26761687398	3235.94089062015	0.471340898837953
GSE84437_GSM2235944	1081.5132557498	2222.06691167279	3303.58016742259	0.46256121713694
GSE84437_GSM2235945	764.056786543994	1310.41300862818	2074.46979517217	0.614144130778643
GSE84437_GSM2235946	-678.067633889185	1048.39640055877	370.328766669588	0.7903923248546
GSE84437_GSM2235947	-115.052509391564	2062.08371615363	1947.03120676207	0.628798878659957
GSE84437_GSM2235948	1694.39351564966	2023.35783105948	3717.75134670914	0.407839299703476
GSE84437_GSM2235949	382.952065265531	2433.99987165541	2816.95193692094	0.524657937252962
GSE84437_GSM2235950	1145.88074079802	1078.3324264236	2224.21316722162	0.59665022563605
GSE84437_GSM2235951	1443.22690016397	1364.93641913171	2808.16331929568	0.525755751441375
GSE84437_GSM2235952	-517.020964841615	1115.96140805941	598.940443217795	0.769393807310437
GSE84437_GSM2235953	-177.921708882982	-129.11805529776	-307.039764180741	0.847299023363362
GSE84437_GSM2235954	612.647210049869	2028.99786521005	2641.64507525992	0.546388670600801
GSE84437_GSM2235955	543.160430077767	1326.34573549676	1869.50616557452	0.637606523680817
GSE84437_GSM2235956	-633.511614997649	82.9869451965051	-550.524669801144	0.865736363862088
GSE84437_GSM2235957	143.835871402134	1359.2837606317	1503.11963203383	0.678095736051536
GSE84437_GSM2235958	919.774683086116	1148.38238840255	2068.15707148866	0.614875161372348
GSE84437_GSM2235959	-1205.96719473072	340.414357720169	-865.552837010556	0.887947025437248
GSE84437_GSM2235960	-651.376604918885	929.351346440019	277.974741521134	0.7986241680331
GSE84437_GSM2235961	1281.74475134037	1148.45760242705	2430.20235376741	0.572116102263383
GSE84437_GSM2235962	301.639506828065	1404.94256961503	1706.5820764431	0.655845932640911
GSE84437_GSM2235963	-1018.166484688	82.4825507157636	-935.683933972239	0.892634771866506
GSE84437_GSM2235964	419.208404719991	2213.1178978529	2632.32630257289	0.547533808462161
GSE84437_GSM2235965	-804.23794450018	1093.31735089233	289.079406392148	0.797642102808424
GSE84437_GSM2235966	-19.5700284657293	1246.36613136851	1226.79610290278	0.707341165564271
GSE84437_GSM2235967	-1292.73633093912	-666.03935259003	-1958.77568352915	0.950030838172768
GSE84437_GSM2235968	84.3561823989344	447.725721117155	532.081903516089	0.775625627007227
GSE84437_GSM2235969	-465.912005125238	1217.31008362615	751.398078500908	0.754907196749707
GSE84437_GSM2235970	1109.95152422286	1666.10321311987	2776.05473734273	0.529759084913788
GSE84437_GSM2235971	975.171924370552	1904.81769833965	2879.98962271021	0.516758217208667
GSE84437_GSM2235972	-1202.6630357281	427.914703170296	-774.7483325578	0.881737691483155
GSE84437_GSM2235973	-836.822784190573	220.320440952011	-616.502343238562	0.870542911566707
GSE84437_GSM2235974	-1193.90294451772	100.366535249892	-1093.53640926783	0.902839222228774
GSE84437_GSM2235975	-586.804030968451	2048.5521080468	1461.74807707835	0.682546599574541
GSE84437_GSM2235976	-269.348108073181	1972.758747154	1703.41063908082	0.656197287886351
GSE84437_GSM2235977	9.05638275322537	-95.3536352641296	-86.2972525109043	0.829647816997327
GSE84437_GSM2235978	854.024471622629	2594.05708282369	3448.08155444632	0.443653058114121
GSE84437_GSM2235979	265.616739333513	1100.35021347684	1365.96695281035	0.692754118810795
GSE84437_GSM2235980	141.939298144037	2251.22066096807	2393.15995911211	0.576567224614814
GSE84437_GSM2235981	198.053951850254	1660.09257520037	1858.14652705063	0.638890187267487
GSE84437_GSM2235982	523.124872146426	1877.58549540553	2400.71036755195	0.575661324376615
GSE84437_GSM2235983	1050.72840182479	2927.96474164159	3978.69314346638	0.372575803406207
GSE84437_GSM2235984	-215.369102154991	1063.97107674893	848.601974593935	0.745472999910034
GSE84437_GSM2235985	92.1012311114863	1936.32253607482	2028.42376718631	0.619464241253457
GSE84437_GSM2235986	-203.515467479947	1025.68715553496	822.171688055012	0.748053315118921
GSE84437_GSM2235987	817.301522887112	1671.15246521036	2488.45398809747	0.565082252177689
GSE84437_GSM2235988	-375.287173158402	627.520969627286	252.233796468884	0.800892459877226
GSE84437_GSM2235991	736.873666556157	1344.00010886816	2080.87377542431	0.613401993603175
GSE84437_GSM2235992	306.584421807778	1047.91620134364	1354.50062315141	0.693966962142525
GSE84437_GSM2235993	699.801344306158	2751.69838212609	3451.49972643224	0.443203336426353
GSE84437_GSM2235994	363.840728946132	-163.651260908184	200.189468037948	0.805443642150194
GSE84437_GSM2235995	-691.91241505762	647.420474247863	-44.4919408097572	0.82620626919757
GSE84437_GSM2235996	508.127193623413	2192.79892863279	2700.9261222562	0.539080067584084
GSE84437_GSM2235997	-215.23437336237	939.836896168486	724.602522806116	0.75748091794018
GSE84437_GSM2235998	-373.411014759067	242.18372752388	-131.227287235187	0.833311766449635
GSE84437_GSM2235999	-211.963463330099	675.316327951831	463.352864621732	0.781953919748319
GSE84437_GSM2236000	90.5168654084873	689.085495911949	779.602361320436	0.752185551614084
GSE84437_GSM2236001	944.582943408962	1516.8732280504	2461.45617145936	0.568347390507601
GSE84437_GSM2236002	-892.034731275946	-393.722661237711	-1285.75739251366	0.914610433025435
GSE84437_GSM2236003	317.60824140654	293.574195438027	611.182436844567	0.768244698554986
GSE84437_GSM2236004	-334.338839100379	706.566835056584	372.227995956205	0.790221510280048
GSE84437_GSM2236005	-215.853524899359	377.264951700496	161.411426801137	0.808804165365782
GSE84437_GSM2236006	-186.300149436927	496.041380488951	309.741231052024	0.795809191075054
GSE84437_GSM2236007	777.70077828862	1932.24632678	2709.94710506862	0.537964302371595
GSE84437_GSM2236008	1727.7476757829	2278.94743747625	4006.69511325915	0.368758241446182
GSE84437_GSM2236009	309.480003139955	974.150190110091	1283.63019325005	0.701419476551115
GSE84437_GSM2236010	-218.111359628644	1140.31412363195	922.202764003301	0.738228553131993
GSE84437_GSM2236011	271.585592710693	1239.45388418763	1511.03947689832	0.677240840830318
GSE84437_GSM2236012	-218.088927964044	883.718595770233	665.629667806189	0.76310394592474
GSE84437_GSM2236013	667.249666137836	1387.02988147672	2054.27954761456	0.616480359479611
GSE84437_GSM2236014	-994.572230242842	1079.5847672718	85.0125370289628	0.815348152690051
GSE84437_GSM2236015	449.364353385677	1539.41258305409	1988.77693643976	0.624022330444409
GSE84437_GSM2236016	-890.985247901436	414.522032126455	-476.463215774981	0.860244192269708
GSE84437_GSM2236017	-129.677964147464	546.095779388308	416.417815240844	0.786229815921349
GSE84437_GSM2236018	-15.3661916491871	1192.55400034654	1177.18780869736	0.712469755467482
GSE84437_GSM2236019	-126.32644252509	359.436886640898	233.110444115808	0.802570208570674
GSE84437_GSM2236020	-273.311583835603	907.420409666572	634.10882583097	0.766086016394508
GSE84437_GSM2236021	1437.14781867021	1384.5382977343	2821.68611640452	0.524066213855179
GSE84437_GSM2236022	-596.101935968407	437.579544506536	-158.522391461871	0.835519936334156
GSE84437_GSM2236023	-198.918217772716	2077.47499807787	1878.55678030516	0.636582515660809
GSE84437_GSM2236024	163.339068422433	2255.25531192395	2418.59438034638	0.573512776230535
GSE84437_GSM2236025	1225.72887723923	2542.356126062	3768.08500330122	0.40108222614961
GSE84437_GSM2236026	1585.79733271431	1505.80629527184	3091.60362798614	0.489919644352901
GSE84437_GSM2236027	703.443664565792	1449.94037234277	2153.38403690856	0.604961350667908
GSE84437_GSM2236028	103.705033734028	1615.6718062759	1719.37684000993	0.654426991644801
GSE84437_GSM2236029	-659.197602538714	2058.8079508154	1399.61034827668	0.689184197346255
GSE84437_GSM2236030	91.5960612321294	921.572098618409	1013.16815985054	0.729155961989669
GSE84437_GSM2236031	1358.79283222172	1868.57318988754	3227.36602210926	0.472450629295444
GSE84437_GSM2236032	-439.959923846334	1081.81401725678	641.854093410445	0.765354782616562
GSE84437_GSM2236033	-279.125803898908	248.993758996398	-30.1320449025095	0.825016930851432
GSE84437_GSM2236034	457.839134475794	2384.30464607323	2842.14378054903	0.521506311632149
GSE84437_GSM2236036	-736.60492218413	326.277123426011	-410.327798758119	0.855253841865478
GSE84437_GSM2236037	767.53505906189	1397.06278388101	2164.5978429429	0.603649851123017
GSE84437_GSM2236038	814.565615445044	1705.73143792251	2520.29705336756	0.561219722748961
GSE84437_GSM2236039	-540.469657117695	209.544749071846	-330.924908045849	0.849155938033584
GSE84437_GSM2236040	-989.212449016111	987.20117882728	-2.01127018883039	0.822677254012237
GSE84437_GSM2236041	1141.71122169217	2342.03428819532	3483.74550988748	0.438955351203347
GSE84437_GSM2236042	-442.381627530363	797.97616955247	355.594542022107	0.791715416733864
GSE84437_GSM2236043	678.294363413252	1756.15940951799	2434.45377293124	0.571604154757754
GSE84437_GSM2236044	-691.845919064783	-178.846518625173	-870.692437689956	0.888293771298943
GSE84437_GSM2236045	-45.2132785505385	1484.89545510931	1439.68217655877	0.684910225866049
GSE84437_GSM2236046	-441.790525123873	617.2328041307	175.442279006827	0.80759126501276
GSE84437_GSM2236047	849.278268379497	2428.23102911887	3277.50929749837	0.465950703962966
GSE84437_GSM2236048	-940.6445685892	1152.04696984729	211.402401258093	0.804467055222597
GSE84437_GSM2236049	716.056400765989	2893.07310215348	3609.12950291947	0.422344960708348
GSE84437_GSM2236050	-654.79738177552	595.010504123832	-59.7868776516874	0.827469013635136
GSE84437_GSM2236051	980.193658319578	1400.29482567273	2380.48848399231	0.578085959716391
GSE84437_GSM2236052	-130.811114247064	421.322885400504	290.51177115344	0.797515274140169
GSE84437_GSM2236053	921.000385412592	1037.92645412817	1958.92683954077	0.627440177481837
GSE84437_GSM2236054	1143.3947745368	1593.78490491298	2737.17967944977	0.534590312472574
GSE84437_GSM2236055	-217.286699063315	366.974523923983	149.687824860668	0.809814984202201
GSE84437_GSM2236056	-385.469807657254	553.147528569766	167.677720912512	0.808262897735403
GSE84437_GSM2236057	903.892741929838	1795.44573690563	2699.33847883547	0.539276338369915
GSE84437_GSM2236058	375.956151263174	781.903766396231	1157.85991765941	0.7144576936234
GSE84437_GSM2236059	908.686268333655	1101.93265781591	2010.61892614956	0.621513820410202
GSE84437_GSM2236060	1916.64865938828	2491.37576333104	4408.02442271932	0.313391425488763
GSE84437_GSM2236061	1738.14605226516	2562.5300652365	4300.67611750166	0.328315587227912
GSE84437_GSM2236062	475.815426225449	1268.03381403125	1743.8492402567	0.651706573326401
GSE84437_GSM2236063	762.700068793913	888.278183291955	1650.97825208587	0.661985467116187
GSE84437_GSM2236064	-363.994116200715	627.680452726997	263.686336526282	0.799884672157788
GSE84437_GSM2236065	70.3197253042573	613.685250284321	684.004975588578	0.761357984109988
GSE84437_GSM2236066	749.142227367612	979.728455873599	1728.87068324121	0.653372630978891
GSE84437_GSM2236067	469.000845598624	1504.76057664377	1973.76142224239	0.625743113944726
GSE84437_GSM2236068	1203.76980709378	1300.36114214688	2504.13094924066	0.563182191359492
GSE84437_GSM2236069	-1242.78749983193	90.9441335508866	-1151.84336628105	0.906486201548144
GSE84437_GSM2236070	223.735218282938	2170.84316091481	2394.57837919775	0.576397096146579
GSE84437_GSM2236071	69.6281327117672	2038.23809056394	2107.86622327571	0.610267974074977
GSE84437_GSM2236072	999.790931598456	1999.22408781167	2999.01501941012	0.501722168533743
GSE84437_GSM2236073	-182.447131634677	718.484788568381	536.037656933705	0.775258988424428
GSE84437_GSM2236074	-423.365134175322	845.207606336885	421.842472161563	0.78573752010386
GSE84437_GSM2236075	1175.72839731222	1639.95722339161	2815.68562070383	0.524816170725557
GSE84437_GSM2236076	270.629551424085	2714.74464304055	2985.37419446463	0.503453221683222
GSE84437_GSM2236077	-153.726350807254	1663.77761313094	1510.05126232369	0.67734756210343
GSE84437_GSM2236078	-986.810490248369	-135.46341229063	-1122.273902539	0.904644974805899
GSE84437_GSM2236079	48.3474353255726	2287.229510307	2335.57694563257	0.583452673816844
GSE84437_GSM2236080	528.640455008442	1919.56826811175	2448.20872312019	0.569946286594179
GSE84437_GSM2236082	-222.187986962337	1571.16208340048	1348.97409643814	0.694550824892699
GSE84437_GSM2236083	-503.3412775903	956.526969548162	453.185691957862	0.782883329915181
GSE84437_GSM2236084	85.8242397711503	1089.46745092416	1175.29169069531	0.712665031500779
GSE84437_GSM2236085	180.686458541833	1708.39316185981	1889.07962040165	0.63539052412844
GSE84437_GSM2236086	950.925899168209	2583.11296799842	3534.03886716663	0.432310224647221
GSE84437_GSM2236087	369.453030654448	1509.13145574202	1878.58448639647	0.636579379201994
GSE84437_GSM2236088	425.232081140052	1154.10723512574	1579.3393162658	0.669830461591985
GSE84437_GSM2236089	449.693444785761	1837.75638132115	2287.44982610692	0.589175482714173
GSE84437_GSM2236090	557.378163183574	1807.65754445154	2365.03570763512	0.579935339502346
GSE84437_GSM2236091	373.293584847745	1181.80204530965	1555.0956301574	0.672468593378826
GSE84437_GSM2236092	163.588857853986	1143.33133892719	1306.92019678118	0.698978706693175
GSE84437_GSM2236093	29.3352501902225	1179.3083034227	1208.64355361292	0.70922217270915
GSE84437_GSM2236094	108.11478610487	1235.10149864074	1343.21628474561	0.695158636102743
GSE84437_GSM2236095	257.539707601016	1202.89672674734	1460.43643434836	0.682687298825553
GSE38749_GSM949009	249.815041600255	810.100699765063	1059.91574136532	0.724442837195748
GSE38749_GSM949010	-245.094032557057	1721.64075168238	1476.54671912532	0.680957404863442
GSE38749_GSM949011	1304.18030063156	2455.30691881698	3759.48721944854	0.402238001821703
GSE38749_GSM949012	717.311986227932	1984.99826080142	2702.31024702935	0.538908932692534
GSE38749_GSM949013	342.003699580027	1732.50435557569	2074.50805515571	0.614139698560007
GSE38749_GSM949014	-336.394093249838	1075.21234266638	738.818249416541	0.756116949974604
GSE38749_GSM949015	1645.9318895773	2160.42764113916	3806.35953071645	0.395929363837417
GSE38749_GSM949016	-23.2494711721731	329.056972772173	305.8075016	0.796158717146654
GSE38749_GSM949017	748.408791103991	1778.37121055108	2526.78000165507	0.56043184309006
GSE38749_GSM949018	317.653136487045	1699.66258389444	2017.31572038148	0.620743425728236
GSE38749_GSM949019	-514.636511625907	1098.99481193963	584.358300313719	0.770759334280732
GSE38749_GSM949020	-540.604498011467	-16.6241831159302	-557.228681127397	0.866228472471718
GSE38749_GSM949021	354.056736447045	1485.72634463206	1839.7830810791	0.640961537728016
GSE38749_GSM949022	672.319044027166	848.266734214195	1520.58577824136	0.67620916387623
GSE38749_GSM949023	-93.3515250628889	657.899751362154	564.548226299265	0.772608765862979
