id	HR	HR.95L	HR.95H	pvalue
GZMB	0.88361373526882	0.82099615025301	0.951007179406508	0.000968659430003506
GBP5	0.893989999514176	0.829067938141632	0.963995931410416	0.00357722163571988
IFNG	0.813811119184061	0.730260006352899	0.906921551154429	0.000193288548612192
GZMA	0.91332283100272	0.841865116382287	0.990845893716821	0.0291683248866181
PRF1	0.864042206179288	0.779277220362419	0.958027406103266	0.00553914825069481
GNLY	0.883699621556414	0.803345668150553	0.972090909429786	0.011024691132285
GBP4	0.898851479876587	0.834918703449706	0.967679822643953	0.00461582602527505
IL12RB1	0.765646444137834	0.650632218831821	0.900992081937519	0.00130294381117446
IRF1	0.793640752248015	0.70791797700608	0.889743817910399	7.39759006997252e-05
FASLG	0.727877672604769	0.618655456870209	0.856382822446656	0.00012869013381237
CXCR6	0.795539419525724	0.710638145990676	0.890584007613391	7.11551937439795e-05
MMP25	0.78913432829771	0.670956326804487	0.928127455126209	0.00422233532585489
IL2RB	0.869655240849436	0.789970272702535	0.957378098987879	0.00439542605411158
ICOS	0.80080493844208	0.699995569558053	0.916132297577406	0.00121217871783216
CD274	0.803601496672016	0.697246530737511	0.926179388473166	0.00253852616621794
IL18RAP	0.803408041945713	0.695108646250685	0.928580712302439	0.0030468945236491
CASP1	0.873500507092439	0.800580831878172	0.95306195890393	0.00235876795729905
CXCL9	0.939277999539026	0.888892361674563	0.992519677811155	0.0259555788459978
LAG3	0.855835425642312	0.778504532252967	0.940847799131827	0.00127356925703398
CD80	0.774249741810825	0.644693845652615	0.929840833345167	0.00617132668576782
KLRD1	0.796091809794974	0.678821603529086	0.933621096217044	0.0050358079896863
UBE2L6	0.846332815384956	0.751996194711978	0.95250380179353	0.00565784244020731
TAP1	0.824883104269238	0.741282802170126	0.917911671115088	0.000414008175542858
TLR8	0.856829217883849	0.751968781590682	0.976312217465259	0.0203469088140966
SLAMF8	0.899656023836941	0.810294804758838	0.998872208574734	0.0475794737208031
SLA2	0.759815475773393	0.646262533792529	0.893320480512469	0.000881344572356569
CD300LF	0.882806972785961	0.783298458898117	0.994956829477027	0.0410698788477983
KIR2DL4	0.763417539417941	0.649436238699226	0.897403478220221	0.00106769225769395
ADAMDEC1	0.923015798529103	0.854720928453247	0.996767641896953	0.0411007826314121
IL2RA	0.864018145263351	0.756494807456945	0.986824163213848	0.0311171781527879
PSMB9	0.898665550756599	0.810647503622933	0.996240373907709	0.0421955939660607
TNFRSF9	0.770832934740247	0.655760658669012	0.90609798777235	0.00160296138335371
CD3D	0.895717780894565	0.818233100422758	0.980540071767023	0.0170482102405564
ZNF683	0.860615029255274	0.781503327417352	0.947735220818218	0.00228042659923555
IL32	0.873398361538267	0.792248519816892	0.962860363707637	0.00651557672107827
EPSTI1	0.89213072609639	0.813509433544622	0.978350341897561	0.0153099200506854
CXCL11	0.922017760156249	0.858950074678665	0.989716137298873	0.0247097477568633
STAT1	0.860034651122738	0.767976251321531	0.963128221555035	0.00904481442434078
CD96	0.880123115323917	0.788732554067596	0.982103114842513	0.0224416327307806
APOL6	0.835637928300106	0.716849950058897	0.974110059094406	0.021717771129393
CD8A	0.919944554428149	0.850059041434052	0.995575532958627	0.0384554783437599
BATF2	0.807070509323477	0.730532245595092	0.891627728888347	2.48291307404746e-05
PTPN22	0.770866077258831	0.665998351196177	0.892246216527614	0.000486388613803272
SLAMF7	0.849851385667131	0.766588493834909	0.94215786374154	0.00198464559167563
CLEC12A	0.805250785591337	0.668922226317185	0.969363555559293	0.022093829277445
TAP2	0.864798716028235	0.753791509020666	0.992153414165853	0.038232826033751
CD38	0.859786560410801	0.783274261302905	0.943772783026714	0.00148842837942337
GFI1	0.810965231283171	0.704969629113948	0.932897786216354	0.00336903997550925
HK3	0.85477156192311	0.749965015921639	0.974224673899742	0.0187112400169797
CXCR3	0.826653113999571	0.73624966618585	0.928157121517375	0.00127453294456665
MMP12	0.923930269190627	0.877228582037613	0.973118249685648	0.00279304490883375
LAP3	0.869218601786224	0.771169235015261	0.979734335066214	0.0217194420716784
CD7	0.88362813415415	0.804985813077723	0.969953341765734	0.00928327625781292
IL21R	0.699683440655674	0.583847308579857	0.83850162522553	0.000109997892013843
CTSS	0.86891487184129	0.773581897528861	0.975996280314713	0.0178011283289758
CD3G	0.845932456358932	0.746187153723578	0.959011043208804	0.008954668334248
IL4I1	0.855673417434747	0.759437100987215	0.964104856547934	0.0104531268913732
PYHIN1	0.869142024289942	0.76033317808892	0.993522156017862	0.0398598050412314
PSMB8	0.824746129089456	0.719356646759049	0.945575717570146	0.00574110184974073
SLAMF1	0.839382727160678	0.723436621348665	0.973911662561699	0.0209714187083189
ETV7	0.78945592658238	0.703283732992569	0.886186656648617	6.10145171726376e-05
NLRC5	0.829341573781896	0.72521640393805	0.948416834296797	0.00626327161401852
CIITA	0.831032071938926	0.746005203299508	0.925749983427173	0.000776833083801593
PSMB10	0.792431840298638	0.698318054460967	0.89922953804166	0.000310290243143806
JAK2	0.81417375222752	0.72759512158617	0.911054622481732	0.000338527055742111
SH2D1A	0.868496284648657	0.768231855130331	0.98184654985513	0.0242798250738814
BTN3A1	0.848348919480125	0.736832746010373	0.976742541750397	0.0221822891462378
PDCD1	0.797633522673394	0.700867079433071	0.907760194710533	0.00061129142051326
CTLA4	0.800779126855455	0.704395542899632	0.910351032841153	0.000685245574575194
PARP9	0.812705594979359	0.699950817106755	0.943623991812581	0.00649999750097744
SNX10	0.885779988806711	0.794163136620126	0.987966014022784	0.0294578051099936
PTPN7	0.860040790545299	0.749846346614124	0.986428972737827	0.0311394806401336
SOCS1	0.872976756181045	0.77770166224646	0.979923862617215	0.0212274972628912
CASP5	0.805675996507108	0.717320819632249	0.904914221896564	0.000266508725713106
PARP14	0.853007640249787	0.742610580333384	0.979816411985208	0.0245564424381113
NCKAP1L	0.872470495032539	0.774033386057616	0.983426268703172	0.0255104476948065
TNFRSF1B	0.873611105335463	0.764955641176975	0.997700157085164	0.0461584537470204
IFI35	0.845266798718958	0.739327150238252	0.966386748797677	0.0138784661058939
CCR5	0.855041110731979	0.739902387689431	0.988096961444933	0.033817997289363
IRF8	0.884641841546024	0.803299538575166	0.974220885526767	0.012750450471159
FBXO6	0.862054265140077	0.761758470223285	0.975555356579588	0.0186664842059327
BIRC3	0.901590018338476	0.820078088784261	0.991203852760679	0.0321369593136636
FERMT3	0.892052760793418	0.797633887243861	0.997648345644912	0.0453696056461667
PMAIP1	0.885293287146052	0.793601851202317	0.987578598863498	0.028960556338585
IRF4	0.864263167517382	0.760831112049358	0.981756412031058	0.024891998698915
APOL1	0.888418557168329	0.789591374262371	0.999615191412647	0.0492569518971071
LGALS9	0.891215523622462	0.795194238096213	0.998831570318243	0.0476963182621629
IL2RG	0.882852660352052	0.799790491214976	0.974541243553237	0.0134546427632859
RRM2	0.87878711122762	0.794089549772999	0.97251851139528	0.0124588329908156
LAIR2	0.844759579816182	0.75785733910551	0.941626755945239	0.00231993898728559
SLC2A3	1.14432962642568	1.03000262630459	1.27134655822547	0.0120589305549524
CKB	1.08123326291279	1.01277944922471	1.15431387329588	0.0192578933183758
IL1A	1.1355184472216	1.02761530779896	1.25475178716666	0.0126068680521988
CAPS	1.12096330450173	1.01739775974491	1.23507125704158	0.0209606945997787
SERTAD4	1.14537974833231	1.04808232007067	1.25170966322697	0.00272830686212241
C2	0.895375531853815	0.809870972094418	0.9899074922629	0.0309240251829812
CDKN1C	1.1321847693773	1.03293425028222	1.24097187372738	0.00799688351350976
PPP1R3C	1.14389818720236	1.06892844547319	1.22412596299241	0.000101366270931256
MYOM1	1.15980827790543	1.06742092199344	1.26019193907669	0.00046439156354266
ANKRD22	0.892882733046456	0.820695091152887	0.971419938496977	0.00843610724424996
HOMER2	1.10063213867941	1.00838373328138	1.20131956190133	0.0318015117168834
PFN2	1.12290588000226	1.03652716316259	1.21648294435084	0.00453370266923346
PPP1R14A	1.1888422638366	1.10733725923514	1.27634640349803	1.80893524511181e-06
COL4A5	1.14456532887706	1.05641114417882	1.24007570280393	0.000960108386349144
CCL20	0.931922797989784	0.883761191640332	0.982709027764772	0.00920842404080214
REEP1	1.12063297535395	1.03699191693893	1.21102030299104	0.00400493779543109
AHCYL2	0.89431890319599	0.816357732604594	0.979725270760763	0.0163899064410392
PSAT1	0.891738122797503	0.821241338835963	0.968286473227877	0.00639254790754288
TPM2	1.18640006636638	1.10451937878449	1.27435076695816	2.80642584400687e-06
VSNL1	0.901064624707305	0.840399193370845	0.966109277951959	0.00339513352154767
PCSK1N	1.0504884467043	1.00147077847159	1.10190531803971	0.0433579940742642
PNCK	1.11629080006291	1.04960506325589	1.18721335665021	0.000464483865838231
MAMDC2	1.15456571631155	1.07878625147602	1.23566831840703	3.33322953598791e-05
KRT7	1.09688648304187	1.04356344190295	1.15293417569896	0.00027580772610534
CRABP2	1.14932052998432	1.08286605531315	1.21985325346765	4.65467645852942e-06
PEG10	1.09313655933683	1.02600631696752	1.16465904507349	0.005888278959484
HSPB6	1.09490567518796	1.0479358491976	1.14398074889483	5.05688229980249e-05
RBPMS2	1.14183595968699	1.07626287785313	1.21140418912807	1.10493689414872e-05
PDK4	1.15633050830672	1.08305284489629	1.23456602394034	1.37063003871568e-05
BEX1	1.08375310617189	1.02440985795934	1.14653406154926	0.00512079504511021
PON3	1.07525759081361	1.00442495444887	1.15108538620158	0.0368924555269501
IGFBP2	1.080262383351	1.0140778516614	1.1507664968437	0.0166959193069631
APOD	1.11807836001967	1.06654602245601	1.17210058715101	3.5521912836153e-06
TCEAL2	1.13150552186929	1.06924861056423	1.19738733665044	1.87873328877301e-05
EEF1A2	1.06775617750627	1.01527106113074	1.12295454706749	0.0107941074315435
LMOD1	1.11814091227452	1.05961121585693	1.1799036108645	4.68664181376513e-05
FHL1	1.1269237823014	1.06404709134048	1.19351598388059	4.51760775684742e-05
MUC20	1.07667466427674	1.00826447975628	1.14972644179199	0.027405287907007
GPA33	0.919724452038263	0.871906264650408	0.97016514500701	0.00212746525769729
HSPB7	1.12527383523151	1.0662967141562	1.18751299469085	1.73133123293006e-05
RGMA	1.12009082373104	1.05433951569812	1.189942551452	0.00023848141845649
CCL25	0.957065842166285	0.916126826852561	0.999834301750969	0.0491378879581857
PGM5	1.10035984881158	1.04045142447619	1.16371775595984	0.00081313589357354
C7	1.10157690268772	1.04956285253867	1.15616865593131	8.85041001514437e-05
SYNPO2	1.10863979521044	1.05204004672249	1.16828460984286	0.000114594463522333
VSIG2	1.05490567397097	1.00589497553931	1.10630434392965	0.0276571839950377
DES	1.07992317627589	1.04310895599485	1.1180366729241	1.39306975613473e-05
FLNC	1.10795390875285	1.05133576442352	1.16762114013484	0.000127856937775152
CNN1	1.10069515802113	1.05579158873094	1.14750850813977	6.34038010187361e-06
MYH11	1.09797211822769	1.05085743668918	1.14719916357406	2.9564760636561e-05
ACTG2	1.10647529557695	1.05676911441669	1.15851945616131	1.59970836016277e-05
